14
20 20
1 18
3 1 18 6
9 17 15 2 1 16 9 12 11 6
3 15 12 18
6 18 14 11 2 16 9
1 17
7 9 8 1 17 5 14 6
3 8 1 10
3 1 5 9
5 1 13 16 8 17
7 3 19 6 17 12 7 9
7 10 4 12 13 8 19 7
3 9 11 20
1 10
3 13 2 18
5 18 5 14 17 2
3 7 13 14
10 18 14 20 13 5 15 2 9 6 1
3 19 4 6
1 2
20 40
3 19 8 9
8 15 12 2 7 19 4 5 6
4 16 1 11 10
4 8 18 20 11
6 4 5 2 13 1 20
5 20 2 7 8 12
5 15 2 5 10 16
2 19 18
4 5 13 10 4
3 8 11 3
4 18 8 1 13
9 9 8 13 2 5 7 6 20 10
3 5 15 6
14 19 5 8 15 12 4 1 3 7 10 14 13 11 16
2 18 14
3 15 11 16
6 16 13 18 17 10 15
6 1 7 5 6 16 11
2 3 5
7 14 20 4 6 1 8 16
9 15 1 5 8 3 17 6 20 10
6 14 1 5 16 20 9
13 9 10 4 14 11 8 2 7 20 12 3 18 1
1 9
5 4 20 1 16 17
1 5
10 4 11 5 20 13 19 18 7 15 17
12 2 4 7 20 17 3 10 1 8 9 15 11
13 8 16 14 2 4 10 19 11 15 5 20 7 12
4 11 4 17 7
1 11
4 1 2 19 9
1 19
1 18
2 7 20
3 11 3 12
7 13 18 19 9 4 17 10
8 1 16 12 10 11 15 2 8
9 1 10 2 16 7 11 14 12 13
4 8 15 6 1
20 60
8 19 9 11 18 2 12 14 17
7 9 13 16 14 11 17 5
8 10 1 17 19 9 7 11 12
5 14 3 16 15 1
6 17 7 16 5 3 11
7 11 1 8 18 16 4 5
7 11 4 20 2 15 3 5
3 12 4 19
9 3 7 18 11 20 4 10 13 8
6 6 11 3 10 7 19
8 1 14 9 19 2 13 20 8
8 3 19 12 2 1 17 9 14
7 18 14 7 11 16 15 4
8 19 10 15 14 1 9 13 3
9 2 20 11 19 8 5 14 17 12
6 13 14 10 15 20 19
4 8 5 15 3
10 6 9 5 12 16 4 19 8 17 1
7 6 9 17 5 19 13 12
7 19 20 11 10 2 18 4
3 5 17 14
7 13 8 14 4 19 16 20
8 10 7 20 5 2 8 4 3
8 6 5 8 2 12 13 18 20
10 8 20 10 18 4 6 3 12 5 17
8 19 15 1 16 8 10 17 2
7 10 13 15 3 17 5 4
7 20 3 6 4 15 8 5
8 10 11 18 4 13 7 16 12
8 20 8 15 17 2 11 14 18
9 14 13 2 18 7 3 5 16 19
6 10 12 4 13 3 6
7 12 20 11 13 9 14 7
9 6 16 1 3 8 13 4 9 5
4 16 13 18 8
6 20 16 14 5 18 13
10 16 17 12 13 11 7 10 14 18 3
7 5 16 14 6 7 2 11
9 10 9 3 8 5 16 4 13 12
10 13 7 18 1 6 12 3 2 8 4
9 12 9 1 2 14 15 19 18 17
5 16 17 9 13 12
5 3 15 18 7 10
6 18 5 8 3 15 14
6 9 20 14 2 7 10
8 16 8 9 2 14 17 15 19
7 15 12 18 17 10 5 7
8 15 20 19 12 4 14 13 2
9 13 17 15 19 18 11 5 2 14
10 3 12 18 4 13 6 16 2 15 10
10 17 15 9 6 8 3 16 12 14 11
9 14 8 4 19 15 20 11 10 16
6 10 17 6 13 16 5
6 14 12 5 17 2 18
6 4 12 20 6 3 2
8 11 10 14 15 13 20 3 4
8 14 9 15 13 2 17 18 8
5 10 14 18 19 7
6 10 17 11 20 14 3
8 9 7 14 5 19 1 15 2
20 100
10 8 16 13 17 7 15 18 12 3 19
10 4 19 6 5 11 8 13 18 16 12
10 19 3 12 9 2 7 8 18 13 11
10 19 10 15 20 18 8 17 13 3 4
10 18 3 14 4 13 15 20 10 7 19
10 4 8 14 6 19 10 3 5 17 20
10 18 3 11 19 4 7 14 17 16 12
10 18 11 17 3 5 20 6 7 2 10
10 13 5 7 3 15 6 9 14 11 4
10 2 16 8 11 6 18 15 3 9 17
10 20 2 18 15 17 7 4 1 10 16
10 6 15 14 8 19 5 20 17 2 12
10 11 12 1 9 8 17 5 6 15 3
10 2 14 20 5 18 13 19 15 4 9
10 4 11 16 8 7 2 13 18 20 10
10 7 5 4 13 9 16 1 18 2 15
10 4 9 13 3 19 17 6 20 10 7
10 3 2 7 12 15 6 8 1 13 4
10 16 6 18 12 3 1 20 8 15 13
10 4 5 15 12 18 7 10 20 13 19
10 12 13 16 6 15 14 5 4 7 20
10 6 13 17 9 18 3 1 4 15 2
10 20 1 17 13 7 6 10 12 9 16
10 2 1 11 13 7 3 5 15 4 8
10 14 12 1 13 2 11 8 17 4 16
10 4 16 13 11 3 2 12 19 1 9
10 18 17 10 2 12 9 13 20 4 7
10 12 5 15 9 14 17 7 8 4 18
10 13 5 2 9 20 16 4 14 3 15
10 20 1 9 13 15 10 18 17 4 2
10 8 7 11 18 20 17 14 16 3 19
10 3 12 19 9 15 16 7 17 13 1
10 7 6 15 9 20 4 19 5 12 3
10 10 11 17 7 18 13 9 8 3 14
10 4 17 8 13 16 6 19 9 5 1
10 2 3 13 16 20 1 12 7 6 10
10 1 19 15 12 9 17 7 6 11 2
10 1 4 14 8 12 7 2 9 18 6
10 2 9 12 20 16 3 6 8 18 1
10 15 7 6 17 11 10 2 14 8 13
10 14 19 15 17 4 9 16 8 11 5
10 15 18 17 5 11 16 14 13 1 2
10 4 2 1 17 8 13 19 12 16 10
10 1 2 16 15 7 17 12 9 4 3
10 15 17 4 18 5 2 13 3 11 9
10 2 18 5 4 19 11 7 3 6 12
10 10 15 14 3 12 6 13 16 20 11
10 16 10 15 13 8 5 12 14 2 7
10 19 20 13 14 3 10 2 4 8 5
10 3 10 18 17 9 8 5 2 6 4
10 4 20 18 13 3 5 9 16 14 15
10 16 11 19 7 17 14 20 18 6 2
10 5 11 1 16 4 14 12 8 17 7
10 13 12 14 6 20 4 7 3 15 16
10 11 17 6 7 20 13 4 1 10 18
10 2 1 17 12 4 3 8 19 5 11
10 5 8 2 12 7 10 17 11 19 15
10 6 19 15 7 2 4 9 16 8 12
10 19 9 6 17 14 15 10 13 12 5
10 11 18 4 5 2 8 16 12 10 7
10 8 1 16 10 3 20 7 15 5 17
10 7 1 12 3 10 9 20 13 14 8
10 12 13 5 20 11 8 16 7 17 3
10 2 5 10 1 7 6 8 9 13 20
10 7 18 1 12 5 16 20 15 10 9
10 18 12 19 9 1 7 6 20 13 17
10 14 3 2 19 5 6 18 8 4 20
10 15 12 16 18 8 4 17 1 13 10
10 6 11 18 7 4 5 3 1 9 10
10 5 3 10 11 6 12 7 1 2 15
10 20 7 5 2 19 17 6 1 9 4
10 16 6 3 1 8 2 5 17 11 19
10 12 15 8 20 11 1 14 5 17 7
10 8 9 20 7 3 19 1 18 13 4
10 15 4 5 1 7 20 9 8 16 18
10 20 12 1 19 2 6 16 10 13 5
10 16 8 18 17 12 11 5 4 1 19
10 16 11 4 14 8 19 7 15 1 20
10 13 15 4 16 2 12 3 9 7 20
10 19 18 9 17 12 4 1 14 16 3
10 7 17 9 16 3 19 12 8 10 18
10 10 5 17 1 13 18 3 14 4 15
10 10 8 14 2 12 19 13 15 9 5
10 7 18 20 17 10 16 6 12 2 5
10 9 18 19 6 11 14 8 5 16 15
10 5 20 11 9 18 4 7 3 13 14
10 20 7 11 18 5 19 17 16 14 12
10 8 4 1 12 15 6 11 5 2 7
10 16 10 15 3 8 18 6 1 4 17
10 19 16 3 7 2 6 15 1 18 14
10 16 12 3 15 1 19 8 17 11 2
10 6 3 14 1 11 7 18 15 13 20
10 5 16 13 12 8 15 2 7 14 4
10 14 13 8 16 3 18 10 15 7 20
10 12 1 7 16 17 13 2 9 8 4
10 14 19 3 15 11 12 6 1 10 13
10 17 20 10 14 3 16 9 15 12 18
10 5 12 8 14 1 20 7 18 10 3
10 16 17 18 11 5 13 7 6 20 10
10 10 19 3 2 15 6 20 18 11 17
20 100
10 20 7 12 5 11 16 17 15 18 3
10 14 4 12 7 17 11 5 6 9 15
10 2 1 9 5 18 11 4 13 10 15
10 7 1 18 10 15 3 14 8 20 12
10 20 14 13 11 8 7 9 12 18 16
10 10 12 4 11 2 20 5 18 3 9
10 4 15 3 5 1 13 10 11 20 16
10 16 15 17 18 12 5 8 9 1 13
10 15 19 4 16 1 3 7 6 8 20
10 7 1 18 12 15 20 14 19 10 4
10 12 15 14 20 9 1 16 10 6 19
10 13 12 7 17 15 4 2 1 16 14
10 20 16 19 6 7 15 18 5 4 3
10 1 15 17 16 6 2 8 4 14 20
10 3 2 13 11 17 16 20 18 9 8
10 4 19 9 13 16 6 10 20 11 12
10 17 6 19 1 5 2 9 13 15 16
10 14 7 12 20 19 10 1 18 3 16
10 2 13 9 5 4 14 8 19 16 18
10 14 9 16 6 11 20 1 18 8 13
10 6 13 18 19 14 10 16 11 15 7
10 13 5 16 8 4 15 20 12 3 7
10 13 17 15 14 5 2 10 4 12 6
10 1 10 6 16 12 15 3 5 17 8
10 7 3 4 18 8 17 9 11 6 12
10 20 4 17 11 10 15 6 2 12 13
10 19 9 7 3 10 16 20 4 15 1
10 19 2 1 12 6 10 16 8 9 11
10 17 9 5 8 4 16 19 18 13 2
10 16 10 9 18 2 1 17 12 5 8
10 3 5 6 15 19 1 11 12 9 7
10 9 15 14 20 5 3 17 2 18 7
10 2 20 9 19 1 10 13 12 3 14
10 1 2 6 16 19 15 20 17 13 5
10 17 15 1 8 20 2 6 3 18 13
10 10 2 11 13 5 15 6 12 9 8
10 15 1 12 8 11 16 13 19 2 17
10 11 20 16 17 15 12 4 13 1 3
10 3 7 13 16 4 8 15 12 2 14
10 2 17 16 9 15 11 8 12 6 1
10 8 1 2 3 7 15 4 18 9 17
10 12 5 4 16 17 18 14 20 15 9
10 18 15 13 17 6 16 10 3 12 2
10 1 2 20 19 11 12 16 17 7 3
10 18 4 14 1 19 15 11 17 10 12
10 16 1 19 7 17 12 10 14 20 8
10 10 4 3 8 2 20 7 9 11 1
10 9 15 17 11 10 7 8 2 20 12
10 2 20 3 18 16 13 14 1 9 11
10 10 6 12 16 7 9 2 3 5 11
10 18 6 16 1 19 12 3 15 2 11
10 11 20 15 19 7 4 2 16 1 9
10 12 20 16 3 1 17 13 5 9 19
10 6 19 14 1 15 18 12 8 5 13
10 13 6 19 10 5 3 15 4 2 18
10 13 14 16 5 9 11 17 10 15 8
10 19 8 14 11 5 16 17 9 20 2
10 8 9 18 10 13 2 17 14 11 4
10 18 3 1 15 5 11 2 17 4 13
10 19 7 20 16 18 2 15 13 14 6
10 8 18 6 14 16 3 4 1 7 9
10 12 7 11 8 10 16 1 17 18 20
10 5 6 17 16 11 7 14 10 2 20
10 13 5 2 8 1 3 12 14 16 10
10 7 10 13 19 6 11 4 18 14 3
10 15 4 1 8 2 13 6 7 12 5
10 19 17 14 6 9 18 4 16 15 12
10 8 17 14 9 1 3 4 20 10 13
10 17 13 18 14 8 2 7 9 6 1
10 18 3 5 12 19 2 13 10 6 11
10 12 7 2 10 9 19 20 17 3 18
10 14 4 2 3 20 17 15 18 10 8
10 18 7 11 17 13 2 14 4 16 3
10 8 9 17 4 20 16 14 12 15 11
10 16 20 9 19 18 15 10 3 14 7
10 17 5 2 18 13 12 6 14 20 8
10 5 4 15 11 20 18 10 1 7 8
10 12 1 13 8 7 17 11 14 4 6
10 2 8 10 15 4 18 12 1 9 7
10 5 7 15 14 2 17 9 19 20 16
10 14 11 7 9 4 17 10 12 8 1
10 18 2 12 6 5 20 11 16 4 17
10 8 7 19 1 11 15 2 14 5 12
10 11 5 9 18 13 6 16 15 14 17
10 17 14 9 11 13 15 12 19 16 8
10 12 18 13 17 15 7 5 2 8 16
10 1 12 14 17 18 20 6 5 13 7
10 20 1 16 9 10 6 2 7 11 8
10 2 14 7 19 17 10 3 5 18 6
10 15 9 13 7 6 19 16 2 1 3
10 10 15 4 7 5 17 18 3 14 11
10 11 19 15 20 13 16 9 8 12 7
10 20 9 5 17 1 16 13 10 4 12
10 16 17 13 19 6 7 14 5 11 9
10 15 1 3 11 16 20 2 4 7 9
10 3 4 13 18 20 12 2 14 11 9
10 20 13 7 14 8 19 17 18 1 9
10 12 20 18 15 11 19 10 16 3 4
10 16 14 9 10 20 7 15 6 1 2
10 7 8 14 11 16 2 9 6 4 10
24 100
10 12 21 18 5 22 20 14 2 9 3
8 19 16 9 21 2 4 15 3
5 17 7 19 8 2
10 12 11 6 17 9 20 5 24 14 3
6 12 19 23 10 3 16
8 19 8 16 18 2 4 6 1
15 3 11 17 10 21 1 14 8 24 18 9 19 20 22 7
13 17 16 20 8 18 1 2 7 13 23 4 10 6
11 21 7 4 17 15 20 16 22 11 8 3
13 15 14 24 17 7 10 3 6 16 13 11 9 18
7 12 24 22 10 20 13 3
8 17 1 11 4 21 24 19 22
8 9 3 14 12 1 19 16 18
17 10 2 21 17 19 14 18 9 22 6 3 7 16 1 24 13 8
8 15 17 1 13 3 16 2 24
7 6 5 7 3 16 19 23
5 19 18 17 7 12
11 8 19 22 18 20 7 14 16 23 11 5
9 18 13 2 6 17 8 7 24 21
11 13 4 10 15 22 11 8 6 16 5 12
11 13 1 8 18 3 9 19 22 20 4 24
8 20 14 12 18 24 4 13 3
9 13 2 6 9 4 19 10 22 20
5 5 2 19 13 16
7 2 20 5 11 1 14 13
13 8 3 10 23 16 9 19 5 22 6 24 4 20
12 6 4 17 20 12 14 3 24 7 8 23 2
8 16 12 5 15 4 13 23 1
3 9 1 21
12 21 24 5 6 12 4 1 2 16 15 7 20
9 13 9 6 16 10 1 14 5 20
3 20 14 17
8 8 5 6 18 10 17 4 12
9 14 9 23 5 1 13 12 19 6
6 4 16 19 6 14 10
10 9 18 17 16 14 10 8 1 3 2
9 9 15 6 12 5 14 16 20 18
10 12 11 16 5 20 23 9 7 17 6
4 22 21 17 19
8 11 2 17 15 24 18 19 13
7 4 22 9 21 24 2 13
7 17 6 16 14 13 4 20
8 18 7 9 24 5 20 22 8
9 10 6 23 22 4 15 14 18 19
7 21 14 10 23 18 2 4
14 4 10 22 3 7 16 18 17 20 14 5 24 15 12
5 22 13 5 1 18
14 14 3 17 22 15 13 1 7 18 4 6 24 2 10
10 22 18 21 10 23 19 24 7 17 1
11 14 24 1 23 2 13 9 18 19 12 20
7 12 10 15 14 13 11 9
10 22 5 8 2 15 12 3 18 9 10
14 6 19 21 4 12 11 18 24 3 17 16 5 7 8
13 6 15 16 1 10 7 13 21 23 20 2 24 22
1 9
8 11 20 9 16 4 24 19 22
12 17 8 10 6 3 22 11 23 1 2 12 19
7 2 3 8 1 24 6 5
13 9 21 8 16 5 11 22 15 24 20 1 6 19
13 15 2 18 8 21 24 3 12 1 6 9 10 20
10 23 18 24 17 14 19 21 15 3 10
11 14 15 7 3 16 21 13 9 12 2 17
11 11 3 6 23 16 5 10 19 12 8 20
6 20 1 15 23 22 21
4 4 18 9 1
10 9 24 20 19 12 1 16 3 21 7
12 22 8 9 19 10 13 4 3 11 15 7 20
15 13 24 4 3 11 10 22 2 18 17 15 21 5 12 7
12 4 24 13 12 10 9 1 22 19 3 23 8
10 20 1 4 3 7 6 19 24 12 17
11 1 2 7 18 10 22 17 15 4 13 11
12 11 9 13 16 2 23 22 5 20 3 6 17
7 21 3 16 8 10 12 24
15 1 14 8 6 23 4 24 21 19 12 20 16 9 11 10
7 23 3 14 19 4 20 13
3 14 17 21
11 10 15 23 2 8 17 7 12 6 16 14
14 9 2 18 15 19 24 12 21 22 11 13 10 23 5
12 24 15 17 1 13 7 3 20 5 12 11 8
10 21 15 19 17 7 18 23 24 22 9
11 13 18 3 12 1 8 22 4 17 2 20
8 17 14 11 18 19 24 10 3
14 6 19 4 17 7 23 14 11 20 24 22 21 2 1
5 12 5 4 1 3
12 7 24 6 23 11 17 10 22 4 14 18 21
13 18 15 12 24 7 23 10 20 16 6 4 2 14
13 9 22 3 18 12 6 10 16 17 8 7 5 2
5 22 21 11 12 5
12 14 9 12 15 8 10 6 20 7 11 17 24
12 22 23 6 8 3 12 10 1 4 13 16 24
8 19 10 13 8 7 3 15 12
9 8 6 3 4 12 16 5 19 13
9 17 1 13 10 2 20 9 24 15
11 13 23 9 7 22 8 12 19 16 11 17
10 6 3 19 23 1 10 2 24 8 12
9 9 13 18 17 20 4 3 8 2
10 7 23 9 1 12 20 24 19 5 15
11 20 11 16 6 15 17 13 2 24 7 5
10 2 7 19 18 4 6 15 10 12 24
4 17 12 11 6
10000 10
15 313 7382 8792 4851 712 3605 5059 3627 3902 5350 28 7487 198 7368 5156
11 4114 833 661 588 6701 7419 4108 5753 5083 8456 583
9 5483 173 7028 8496 8926 6177 7666 7377 4842
13 9026 78 7418 9960 5147 5931 997 3075 2186 3886 5849 1832 461
10 6454 2880 3813 496 9313 5665 1585 5146 525 94
16 9014 2018 5913 5113 8092 2112 8442 7551 2467 1818 9566 4790 4557 3373 6112 6583
12 2128 6884 1764 4946 7412 9412 6959 5555 3396 1357 3817 1176
11 4722 3047 5908 8394 578 1471 5079 8591 3257 1044 3277
10 5596 9285 1573 2505 1698 853 7679 7694 8997 7797
10 4347 9991 5872 2887 1394 2761 3009 7751 4891 4306
10000 11
43 2536 234 9205 4757 4228 9361 2125 3954 2146 8045 6949 9471 611 568 3557 4586 8291 3022 6533 8754 1485 1755 5087 7731 6951 1070 9450 2999 9328 8830 3549 7434 2033 5322 2635 4135 3894 2896 1420 9231 1403 1837 1622
41 6232 9285 9224 2107 13 4121 4744 1220 2477 5505 586 8380 6607 1714 4895 8203 2382 413 484 3981 5138 6316 2007 8110 5809 3398 2321 5976 2916 153 3082 7731 4742 8653 9899 7685 3515 3379 3898 8978 5327
36 76 3420 4130 5214 5317 269 5932 3693 9841 2552 9207 8728 9959 7559 5593 789 893 9599 9360 5162 7648 533 8476 3179 8849 7218 7367 7390 7467 2447 7133 5 9997 8273 6470 9706
33 9445 2521 7858 6168 7897 3651 5406 3118 4819 7376 8597 7559 6581 4412 424 6501 3673 7297 3208 9146 8974 4319 79 1214 815 7339 4742 8773 799 3981 939 1134 1654
35 4225 8300 3533 2421 5847 3024 919 7775 3578 4934 4018 4081 9747 9813 849 8113 6452 9407 4075 753 249 8560 7379 902 3074 8772 6897 7802 264 2802 5505 4606 9643 8372 3612
37 9610 945 9872 5676 3687 9230 9255 6143 9993 6363 9428 1836 6198 3056 2715 8874 4810 8444 4674 6024 6187 5890 4729 7998 7865 4459 5471 1673 5795 472 7934 1053 71 849 5554 4054 6265
40 7948 6198 9400 8955 2958 3259 7807 7496 2949 5908 9113 7004 8503 2473 4478 3588 1573 6328 7221 4894 6781 9377 1405 1936 6300 5610 4402 7679 3052 6308 6814 4890 4740 4015 3699 6992 5477 738 1781 5231
35 5788 4766 5333 8132 7131 5506 3833 8059 7281 4921 5776 4187 790 852 610 712 4814 5250 3504 1643 7649 9577 7667 6855 868 6115 2802 8004 2228 8917 9982 7464 9332 9466 985
48 6395 1251 9980 5280 9106 1324 4858 2306 1237 6939 1322 7486 4638 1940 535 8930 4279 9472 1443 9769 1971 985 9027 2923 81 9954 1774 3464 8318 6988 2689 268 9588 5158 4064 9621 6439 6972 3754 4093 4300 4640 5270 9289 6918 8373 6219 4860
34 7438 679 1531 2247 8099 6332 702 862 2246 3526 3033 625 1475 8302 9628 5337 7569 7921 2903 6925 4960 9287 5910 8819 144 66 1803 7553 3985 5216 6890 6639 4037 7176
24 2400 7081 4967 1993 638 8694 8914 2095 7775 6225 5727 7375 6904 6163 8158 1189 6013 9902 8767 9130 9000 1035 9061 4035
1000 30
20 449 521 304 689 691 182 246 421 635 591 391 649 340 437 441 198 496 45 910 542
3 589 617 13
11 31 695 342 792 317 407 854 882 504 193 795
5 590 261 841 957 102
11 383 195 19 559 721 959 900 862 276 988 938
3 779 855 58
2 814 192
1 311
13 906 917 770 482 881 97 814 753 287 126 666 693 289
7 844 669 315 452 242 99 606
1 966
12 894 949 207 199 558 108 240 811 677 614 989 855
6 546 255 822 787 865 373
13 409 224 869 128 658 802 707 43 617 184 534 532 997
15 98 95 122 738 659 243 181 906 719 876 794 61 101 965 616
13 20 841 65 418 767 621 192 747 459 448 565 316 653
8 926 593 835 361 655 520 256 73
18 977 858 61 846 246 403 546 873 181 981 974 931 160 361 624 8 7 437
16 746 56 110 570 395 966 98 621 909 797 328 948 905 261 572 984
5 403 641 458 806 749
1 258
12 618 909 825 195 869 698 772 862 598 959 854 867
23 422 241 237 962 987 113 985 697 67 744 988 646 151 637 634 808 820 142 233 398 302 456 160
19 491 766 951 572 743 507 687 641 278 221 945 451 807 280 413 748 737 1 257
10 43 447 587 446 892 518 786 888 644 653
12 406 748 88 686 917 670 559 185 641 471 789 778
5 220 527 471 291 28
4 516 376 691 145
21 591 532 622 209 479 49 724 699 429 933 126 184 122 513 712 388 419 100 29 796 155
13 376 779 756 958 16 456 294 130 251 308 146 948 514
1000 60
12 76 25 15 227 965 244 510 183 200 660 180 732
9 283 122 642 328 911 36 722 999 549
14 684 951 161 660 783 615 808 17 16 203 51 670 818 876
10 824 769 2 954 174 459 966 693 802 711
9 443 20 607 785 591 711 687 341 358
6 88 947 770 144 605 379
12 125 58 641 351 770 742 132 105 945 382 360 550
14 761 653 281 707 138 487 930 146 824 934 624 245 58 394
11 797 668 367 868 752 431 786 654 773 552 781
10 432 285 555 972 367 531 354 109 537 901
10 29 593 390 688 266 533 141 647 747 320
14 127 36 167 443 163 334 353 420 303 599 273 994 639 378
11 114 291 972 119 489 125 443 365 225 136 457
8 985 267 597 36 529 842 417 303
8 386 305 670 331 973 56 721 441
7 626 601 853 577 910 985 374
7 162 315 544 38 560 988 564
11 235 911 172 972 463 500 175 625 590 177 123
11 133 949 147 341 328 602 389 367 836 165 765
7 948 627 151 897 37 977 996
9 69 87 437 301 258 832 842 411 117
11 256 712 324 781 457 647 856 463 560 177 402
9 469 330 904 987 984 205 604 874 940
11 455 153 541 767 582 961 542 567 868 514 412
11 990 605 334 404 6 927 582 529 302 487 280
7 141 801 441 874 517 316 854
5 894 661 52 985 736
10 313 157 964 359 572 390 448 687 641 402
10 736 751 181 35 949 95 806 714 723 436
12 524 127 118 571 353 135 959 429 778 692 971 133
8 136 657 135 992 540 80 614 922
10 256 48 496 499 236 461 118 890 562 651
9 840 180 419 773 315 845 302 837 526
11 632 370 358 840 753 450 999 320 407 444 965
10 366 109 276 115 250 430 141 939 164 10
10 674 160 180 63 993 358 237 618 29 473
11 799 288 631 813 484 814 668 488 916 328 342
6 749 716 668 372 783 886
8 525 621 825 207 557 11 59 552
10 838 280 380 302 690 21 759 653 766 893
12 826 781 54 76 18 406 230 774 123 10 635 476
10 67 124 806 475 182 723 848 917 282 913
7 271 528 31 331 867 158 166
10 972 295 578 778 944 366 808 338 361 264
8 717 36 387 566 32 445 423 252
6 883 595 428 171 58 337
8 27 235 261 821 733 827 730 575
7 737 157 429 616 24 322 877
8 478 836 773 191 943 110 662 441
7 97 798 339 797 596 193 222
10 617 942 271 346 264 947 807 289 574 799
9 990 802 567 214 502 117 30 888 570
7 909 766 188 833 615 598 895
8 352 612 293 988 932 114 205 240
9 262 331 592 756 673 562 747 524 749
12 966 850 824 212 153 727 377 665 215 301 128 750
10 767 277 522 901 732 302 278 971 326 165
8 169 186 568 550 444 976 928 855
6 275 66 586 931 493 482
11 380 868 756 203 298 685 520 74 569 174 241
1000 60
1 924
1 793
2 477 920
4 392 957 546 997
1 712
1 232
11 472 267 811 312 215 817 400 222 844 111 552
1 510
1 380
1 163
1 441
1 303
4 188 446 628 707
2 7 223
1 693
2 41 374
1 42
7 96 139 141 956 69 880 400
3 125 978 752
1 869
4 628 694 56 983
5 130 429 966 956 537
1 100
1 511
1 440
5 858 500 321 66 513
1 183
6 262 916 676 836 218 918
7 916 485 671 218 751 639 688
10 462 568 535 430 476 8 921 391 461 266
3 517 447 860
1 894
1 438
1 722
1 902
2 838 368
5 901 121 16 155 999
1 371
1 575
1 874
1 627
2 685 582
1 360
8 616 48 535 297 604 497 974 648
9 549 503 767 240 840 316 669 86 577
1 246
3 608 223 72
7 783 27 282 392 379 774 398
6 910 720 532 95 264 202
2 470 990
3 320 474 208
1 827
1 608
7 386 399 471 868 32 953 162
4 826 202 668 787
1 402
1 971
1 467
4 694 998 733 267
9 40 918 41 855 174 582 797 229 506
9999 100
76 4458 7402 6561 4999 1865 8156 8259 9193 7506 5235 4269 9043 3616 3740 5304 9166 9803 240 29 2175 2826 8571 9251 5488 5348 702 1351 6273 8860 8127 684 4018 3496 7885 7092 3739 5636 4128 3326 4649 5553 2975 9127 6540 3526 5141 6673 1935 5805 9871 3367 949 4487 8979 8986 7201 4880 3601 7034 3714 7274 8190 2487 6476 7589 8237 1233 395 9779 2170 8878 862 7481 1575 8560 5129
79 5518 5244 8486 8518 7649 7590 9973 5826 8934 3629 8155 4701 7371 9192 5685 7257 6393 701 7365 1756 7142 4087 7701 4162 9840 6550 2854 4778 5291 1262 133 1961 9230 1204 7241 547 3223 9626 9702 289 7820 7311 5246 4422 4716 5700 6011 2918 3250 2444 830 622 8391 389 9521 1933 1164 7031 2225 7443 5097 8941 9888 1512 2633 1823 9175 8872 4900 4506 1358 5052 4702 653 8462 1118 4520 2868 2294
78 189 473 7364 2503 6924 5692 3014 5529 70 4806 9420 7297 2198 7898 3746 8025 7292 9707 6088 7343 3390 6172 3944 3331 1191 6899 4759 7157 4421 2762 4730 7650 4961 8783 6879 5231 360 5364 8208 8806 6407 7294 2440 6765 6645 7547 8123 1777 3130 2149 9337 4183 3472 6743 7835 5840 3616 5855 8130 7946 3683 6730 210 4261 1525 5482 2971 9823 7921 3127 5463 9612 6602 827 8557 2114 7919 8345
76 1953 2964 1593 5594 9943 3916 5626 1408 9354 6289 8054 7041 6585 1108 341 6371 9736 7302 710 622 7480 6502 1307 9181 1180 223 1260 5050 9387 653 1269 5226 2415 6985 6925 4595 5855 5094 3629 55 4218 4507 9388 427 5988 4183 4516 5570 6644 9638 3828 2251 7136 9853 1723 677 4532 4982 5782 8649 8387 3197 4672 5276 8280 2141 1103 9316 8993 5746 664 6068 9036 2451 4879 5953
72 580 6544 1802 7181 7569 5189 7786 5477 1102 7138 7583 3911 8250 5771 9142 1172 9083 6055 8460 998 4866 6694 5442 7616 4740 9971 6396 1072 8477 8190 1539 1912 8680 2623 1716 8054 7664 6377 9815 3387 5415 5621 9260 7063 5216 8413 5922 5816 7329 5981 8298 1689 9372 1998 1008 8962 6093 2691 1376 522 2292 7718 6630 189 7463 6472 2253 842 7528 3153 3494 7353
81 3152 8622 827 7665 7398 1498 9387 2792 7720 4789 2656 5164 3092 6018 9753 7428 4288 6038 1633 7882 230 7835 4089 3834 579 9107 1383 7652 8682 8588 2694 4711 4901 8709 5487 5108 918 58 5596 9261 2856 1343 2821 7100 5588 5745 3781 1997 6263 1651 3775 8833 6368 9609 171 2929 4724 2281 1735 1178 719 9858 9645 5615 7620 7234 8061 8073 1637 462 4839 9715 2570 6285 2369 8737 5826 196 8039 4327 5151
79 7477 8703 4495 1955 7571 9069 6913 7441 9845 1417 811 2936 3162 6701 4380 720 9338 1272 541 4808 4503 5117 207 7724 2091 3465 190 9235 5049 3461 8293 4975 6674 8378 8910 7322 5734 7200 1857 5957 4680 8907 8395 5600 7374 5547 8849 3756 6886 3841 7072 6038 8092 2734 4123 9626 9935 2843 7695 3487 4440 2177 9293 4482 7406 1855 9521 2229 9943 163 9562 5071 3936 7244 3387 1471 2808 9654 6460
81 3211 5311 5544 2455 77 4942 1722 9854 6522 5632 7773 6164 8119 1129 8347 7515 2433 4253 7272 3644 6103 8126 4739 7322 4410 5284 5567 5924 5226 8632 5012 5164 9723 7243 5730 3454 1554 9021 1025 3366 6390 2319 6207 5006 2553 8107 3483 2849 7717 2330 7812 8785 2504 1168 2395 4824 8471 6660 7941 4814 5712 8261 6802 9157 5755 5148 2708 5927 627 9691 2175 8845 6941 9037 9042 3556 1136 968 1809 2727 1517
77 3935 7719 6451 8554 4624 6452 7848 9323 1174 8065 2331 5712 212 3566 8371 306 6620 6103 7023 4152 6855 6651 4046 8480 6281 89 7740 9925 397 1054 4934 6039 3148 4593 9759 8410 2664 4540 15 9048 3784 2804 8811 5623 65 6522 272 7974 2711 84 479 1516 947 8 790 823 1386 9377 9546 6492 8558 5779 5036 757 5962 7439 7555 6981 5705 7198 3493 7475 7554 1055 5272 3602 6389
81 6766 6548 2736 8947 2290 7528 8677 3336 4129 6760 4685 5998 7743 7602 2078 9328 2245 9958 2326 5847 6124 1184 3531 588 777 630 9300 5274 3946 1665 7471 4646 6607 6259 5585 8706 1756 1255 7233 8136 1907 3767 7155 2536 7443 3606 9765 5185 2663 8236 9160 4748 4639 6974 5131 9161 9067 6835 492 8660 9797 9025 8436 7938 4062 7799 5424 4973 262 4574 1669 712 8251 7341 3309 5425 9597 3122 5555 415 6212
74 8706 3918 1949 7795 7923 5010 6025 6058 2483 14 7346 8264 3750 9859 3761 6839 7555 9358 9557 7643 4336 2484 2912 1337 214 5794 5275 6325 9370 1579 9123 5682 3214 1557 7259 1253 7679 1556 6716 4811 2798 7166 5440 5785 5730 2305 713 6000 7411 5218 8118 2892 376 7333 140 6649 8526 5710 2847 6579 4456 6105 8847 6717 8192 2996 1291 7076 7654 9774 5051 4726 8743 7251
75 9496 9621 3995 1249 5935 9256 3226 3962 5386 4558 4238 6862 1128 9190 8493 6276 3067 2863 3739 8164 2144 97 4909 4166 6535 5549 2363 6010 3198 4499 6560 6657 1168 4365 9741 8071 4868 4528 5393 3895 5429 3330 2703 7460 1479 8790 4812 5790 5813 4735 9885 6959 2292 4170 6542 5249 2181 3777 9436 3984 6240 245 5101 2792 7038 2436 60 3204 7086 6208 8789 3354 159 5713 8334
73 1229 5741 2892 6828 6521 1333 101 4107 8620 7231 8226 2562 8109 235 2882 4043 4468 7249 7208 9848 1191 5365 4891 6996 7110 6730 3188 423 6075 4672 8251 5190 137 7074 7535 6999 8942 9681 1749 2431 2337 1386 7003 8050 8837 5244 888 4939 7441 1335 6515 714 8816 3684 1720 9664 2848 1176 7849 6726 8435 2150 6696 2369 7039 5535 334 5004 4415 1587 7643 7863 6025
74 381 2229 3774 7239 3836 3934 6399 2272 9862 4123 4004 9668 8100 8657 3697 3932 2662 8851 2082 1053 9176 206 4479 38 5751 5703 4199 9078 3948 9968 1853 5674 8441 4953 1731 6918 5426 3637 1199 1845 5959 6868 6714 7338 6660 6804 270 9786 7378 3733 7675 9000 2477 9854 4321 8730 1191 8389 4851 6487 6110 3144 301 599 1684 5419 137 2910 3476 201 943 6692 7906 3014
77 5877 4630 5686 5280 912 7768 384 4465 2455 1170 7736 7078 6031 5262 1882 8705 8270 5377 8233 7825 1914 5481 2296 6567 4589 2011 4308 4179 2081 9096 8406 3453 2923 812 6517 102 4281 868 3123 7616 7601 238 2404 3415 4056 1443 1887 2774 533 1222 1854 5935 9198 1932 7290 8837 6171 7541 3813 5451 5878 4358 8462 9055 2229 6129 4606 4432 5909 485 3269 916 8485 9786 4768 7932 8236
83 4389 2191 7531 6279 3509 2414 4014 8996 8565 5007 5816 246 5426 7524 5639 7411 2190 2498 5980 2939 5117 2760 1706 9007 5982 8973 5061 6025 2443 510 734 8919 5387 6777 6468 216 2193 6459 2994 7158 8825 5419 5734 4512 7381 2524 5828 9983 3149 6598 4985 4675 2338 3299 4725 8855 3823 9349 5330 9437 8305 2839 8277 6633 3583 9321 2323 3354 4429 8799 5833 9591 653 7324 8078 9642 2358 6462 827 7679 9509 689 6440
74 2805 2917 745 4373 2142 240 9398 5037 2702 8122 8844 7324 402 4165 4938 3361 2389 6263 7559 7844 3319 3867 8570 9111 8726 5931 4851 9584 8180 3037 1042 6211 3535 4314 9976 5991 2325 5294 4829 3374 5105 4398 7239 2090 3544 9048 1045 362 7903 4774 9716 3706 1098 9254 9692 7102 1981 2577 7911 273 1819 9840 5337 9859 5927 9760 9004 3667 6777 517 7858 5103 8791 5161
81 4835 7317 8794 2543 7798 6252 8477 6604 7709 363 7888 2606 1076 7056 5809 6629 4951 3873 2461 3786 9723 934 8486 7148 7901 2722 3013 9897 2850 1731 6739 7022 936 1848 2065 5168 1142 4851 8062 9667 4086 1023 6947 8810 5552 1214 1828 6130 2517 3096 2761 6416 6162 3159 1495 5747 1422 7773 4531 2004 9290 9819 2757 4279 496 9213 5211 1777 6144 3374 766 6173 938 1748 6569 5808 5564 7692 4523 3186 4079
76 4890 3701 5551 6287 6698 4341 6805 3883 1688 1244 4612 8373 7478 4290 8581 2635 9353 4994 908 454 3651 2547 947 671 6023 8278 1222 9156 8694 7769 926 6127 1205 6563 2785 8131 1672 5616 5450 6991 4346 894 9495 6878 1851 8589 9958 6831 2127 7385 7532 2748 2549 4305 6003 4198 3479 4977 2135 1951 1946 8469 2362 9204 8002 2473 4100 4735 6889 8026 8796 4894 6544 767 1880 3118
78 1596 9122 5668 310 2937 7033 34 9927 8341 7797 9071 1706 9480 9464 2249 8792 3471 1591 606 9290 49 2784 3126 9628 6687 1457 9170 2432 6725 1952 121 6882 6463 1469 9082 74 4046 2337 7175 7692 4561 2801 7717 3884 3551 7980 8367 1006 6740 7342 9273 6008 9448 2826 7127 8066 9976 2307 5207 8098 2276 8619 7705 7294 286 6072 5027 8777 2640 8462 1493 1931 433 3062 6266 9134 5137 78
78 1210 2746 8456 6190 4764 7198 4274 2341 6878 4008 2202 1591 1457 968 9869 7891 5965 2267 5019 1639 801 6164 7391 2257 195 5920 970 3406 9427 6751 8566 22 206 1472 9894 2275 5694 6774 1356 8013 6956 2741 5961 1033 9564 8146 9129 4351 9187 1224 6460 4454 9880 5218 2520 310 2826 5024 3510 1162 7122 6471 9876 2683 952 5834 8428 6074 6922 5824 8954 3806 1157 7125 8885 9211 8219 2477
78 117 2028 5446 7367 3051 6807 4173 4495 3566 7171 2461 1197 7725 6540 2996 4042 3394 4808 2063 5068 2206 8795 9263 21 9834 9402 6037 9231 8389 9550 8691 8156 1663 3343 3653 9205 2786 3265 8432 5960 5588 3108 670 4133 8623 4201 4814 5013 1849 4294 8734 1000 631 7863 7266 7714 4795 2656 3473 9303 9204 8395 862 2539 7628 7783 3525 8746 453 112 2522 775 3792 295 2336 4411 4562 6778
73 9983 2385 4557 2333 7327 3616 4796 8550 3041 2842 523 6833 4879 3339 5814 3968 6220 769 3486 8169 237 7942 9154 2197 8581 1350 505 7134 8920 3176 5276 5131 3612 940 8737 1491 9590 7535 4486 6575 9766 6116 225 8480 9426 6492 6628 7860 6700 5128 1506 6439 1315 9156 2908 557 6520 2006 9540 7187 5759 4308 5513 1595 7226 1757 5591 1618 6627 1971 5325 3940 5689
76 981 4799 9324 2558 7404 9921 3480 5414 5411 517 1251 3495 4046 1971 1733 1192 3063 5902 5210 5310 5365 214 9711 9124 5527 2222 2164 64 4301 8631 424 7745 9594 5007 7553 2518 7367 9237 7081 3587 1810 6753 7264 9011 8142 7712 6221 3512 4701 1505 4645 5962 4320 4122 5235 8908 5584 5949 5529 6213 3588 3230 8620 1988 4316 2788 6628 4676 5327 3166 5371 9591 2577 1491 4095 511
78 7455 7261 6732 4910 7034 3201 8785 4168 4444 7932 722 9722 691 4001 2739 1378 9074 2109 7120 5465 7461 7892 9947 3719 2908 8990 676 9340 1301 9941 8087 2599 3733 620 7253 5084 2575 4048 5863 8265 6436 4836 1023 4958 5673 5968 4081 529 1398 2074 9445 4135 1065 8808 1016 8292 1681 9482 1203 7705 8625 1823 9262 3220 5547 7491 2276 7528 3198 1338 3291 2941 3390 8878 2411 4987 4090 6041
77 1485 830 2528 8068 6731 262 3486 4816 5352 671 6435 8141 4197 2363 1175 8824 3423 7336 4241 1471 763 2715 8666 8875 191 9181 6439 1644 3899 3087 7231 1327 9476 4402 5855 6035 3939 7077 78 1652 1495 4929 6587 7323 6058 6779 5323 9001 6232 1263 2178 3107 743 3040 3164 4548 8338 1172 7121 5691 3811 8217 7718 5313 2463 8123 3942 1360 2057 2328 5995 463 2109 5211 9567 422 950
78 8361 2665 4941 5654 6247 3831 696 6727 3723 5882 8730 4081 5336 892 2659 5706 8982 9068 8621 5730 2582 7215 116 4871 5020 6355 1744 4552 908 5066 4700 6000 740 9701 7445 1713 6476 3535 746 8381 59 7952 2399 2909 6518 4421 2279 8518 1641 5824 3365 6072 8849 4200 2876 6310 3658 2090 4084 3209 1847 347 5686 5907 3032 8130 1435 4123 2656 8064 5803 5188 7475 9661 631 9023 534 1607
81 9359 4733 4026 9050 409 7116 472 6890 9476 7111 9432 8172 8954 3845 665 2760 1987 3191 8208 2663 2291 3135 3638 7974 596 9635 4736 6478 2087 6173 6577 6081 5262 2458 2392 2731 353 1417 974 8603 4891 7181 5247 6083 9683 9599 5779 565 9346 7938 9975 2140 1203 512 8596 571 8276 4174 3416 1567 9588 6642 6945 9954 8781 2902 9566 537 6308 7434 8525 1341 8263 7085 6993 3351 1623 4838 1002 9206 4994
75 9574 8802 9919 1440 4706 9117 4873 645 702 3896 7714 4363 8500 4289 6862 139 4963 2515 3857 5116 3823 511 4335 2457 3098 9578 5569 589 9113 8819 803 2081 9860 3990 4910 8476 8036 4929 4917 550 7657 3504 8730 6033 9446 9030 1622 2085 7827 6811 2056 9947 8284 5365 1699 2135 4454 6504 5738 7550 371 7708 8472 6076 2671 4673 7303 9347 130 4384 3744 4934 1139 9796 2126
76 6791 8268 3493 5843 3327 4461 9069 9955 7029 9467 3443 8673 1192 8411 7050 7924 5164 5480 3637 8758 4607 2845 9033 8149 6741 3862 7412 1521 979 396 8322 5824 1677 3918 9573 6861 4647 3923 2579 7230 6175 2415 3173 4252 891 502 9805 62 6709 2216 1212 890 9332 5203 5390 7208 9182 1205 6493 3079 4350 7932 766 9288 644 8754 4762 5432 3674 753 6872 5957 9940 1856 465 4799
75 7094 2524 6185 6765 998 3875 9579 5959 6828 7943 8117 3814 1518 8146 298 9517 6516 4111 1804 4405 2001 8633 6055 2686 1401 4278 1464 1673 7550 7704 9926 7674 1653 6678 3395 2420 9550 3613 1717 4563 19 2940 8612 5276 113 8559 7790 6790 5960 5683 2552 578 1560 8194 6414 8894 2206 4553 6911 5000 7112 2601 1386 5330 125 473 8068 1576 3938 8761 9083 8264 6539 1051 66
79 7689 7801 7906 4064 7318 4544 5449 1823 4490 6977 9481 9371 6623 1174 9568 5245 658 7010 6157 6238 5243 3459 1907 1578 1332 6496 5036 5754 4436 9158 1397 8285 9562 6515 2649 2797 4748 4861 9106 727 4299 6563 9821 2372 6959 6791 5229 3931 4301 1371 9804 3559 7729 1286 4017 6792 5620 5176 800 1312 4749 7588 6490 8119 1216 2887 361 2569 3734 8436 1905 2034 9062 6749 3419 3593 9532 789 8142
74 5885 9607 4654 8405 6384 5144 3863 2193 8600 5220 9233 5629 4206 6204 9968 9645 7461 4431 3552 3155 1158 4743 5556 3323 8052 8839 4041 7503 9318 3720 996 7680 5361 6624 8627 735 9596 5171 6496 9032 9314 2209 984 7433 6203 8412 9663 1226 4933 7020 6211 9972 2666 6156 1578 3539 4303 2978 1739 944 490 9667 1542 9882 4374 1772 6240 9660 4545 8931 9603 3074 6741 8804
72 38 9348 3675 4748 7108 3523 8420 7350 8455 543 3104 1641 8658 5522 7111 5978 260 7445 657 8819 4819 3301 5148 5129 6509 9842 7414 2736 2080 4404 4329 1887 2979 7843 8852 7308 3800 1727 6173 8741 1983 5715 8662 4538 9515 8475 7446 1250 7381 2240 7931 4060 6819 5165 3300 9505 7269 6200 9642 4835 8999 9296 3168 6673 1260 1042 3068 4007 4812 91 9806 8656
71 885 880 8034 568 5825 5612 1990 2908 7041 8735 9168 7812 3635 2324 7221 9649 3412 1018 4298 240 9083 7116 6485 3581 3475 6135 4038 5193 5988 5486 7152 1084 1150 5859 9061 8565 4213 9028 2462 2748 8719 8371 5569 2212 6281 7823 5929 4610 3995 2370 7079 6360 4547 2434 7583 2880 5157 8908 7749 2211 5088 6233 1762 6092 2315 5652 7021 4725 5719 6551 467
79 1330 7663 3633 8880 2473 8636 3454 7242 9974 8823 6753 5849 7797 4628 813 6512 7637 7913 297 3000 651 647 504 9504 7946 7874 8004 4376 3773 8952 4737 6486 6647 5528 5344 1308 2545 7036 1531 8927 1282 3782 7481 6558 3636 4751 4853 3533 4971 5283 8343 6752 9097 8247 4578 1114 8846 8824 8380 5863 6594 4763 7058 7970 5437 6298 8367 3955 3243 6521 2686 6805 4550 6619 5312 1488 6154 8371 3522
73 2623 9348 833 7376 7278 5974 6423 7914 3314 8230 2755 6128 7319 8931 8091 8346 7607 9 1494 7813 8168 8131 8506 1472 8061 7265 4110 1717 9976 9295 7604 8860 9662 2686 4308 152 1479 8575 6622 1577 6123 5887 4792 9646 9098 9173 8290 7176 1450 1750 2977 1853 4338 6287 5942 5813 9715 4786 3227 9277 9086 660 5959 5832 6242 7969 8578 9777 888 850 9489 6895 4112
74 8812 5153 9256 9263 1486 1690 8677 1352 6485 2164 2551 7948 610 3373 4287 1090 8329 401 2195 7918 4808 2757 9583 5537 7220 9619 6827 9224 5047 9156 3555 2896 1862 1156 9748 9032 9272 593 5227 9101 451 4690 8415 3344 4624 1407 3649 770 647 1000 3142 4762 8902 3816 2138 6870 4815 7539 9270 4084 5691 8035 2029 6500 1893 6007 2083 7616 5679 9646 6394 9934 3732 6873
75 2448 9319 1852 4664 4851 9242 2297 6775 9769 8467 8423 6713 3439 7563 192 6255 7417 3185 8700 3995 5154 4113 9428 4769 4895 9504 1325 1463 6801 3301 6878 7077 6958 8829 4727 4680 5801 4382 3119 5308 905 2186 6716 3395 3416 5938 3383 2470 2620 2298 6071 1123 4839 5339 9335 3441 6505 9320 6538 2508 3768 7411 20 9214 6609 490 6747 4987 6496 8645 4963 6560 4735 6216 7719
76 5014 5702 1911 4352 2444 6865 6347 4532 3066 6220 5176 9759 9312 482 2840 1124 3169 8824 2193 7283 5601 2552 8562 8268 3597 3933 8955 8026 7332 7636 5290 1523 9055 5166 5935 5745 8852 6643 8705 5261 7499 3345 5928 509 3655 2830 1974 7824 2899 1759 7196 7438 5459 5113 8826 6013 4800 8118 3963 2569 8472 7783 7044 7444 3173 927 3727 8392 4925 6072 1420 9365 5920 5611 3680 679
76 1391 9839 8895 1395 6187 6877 8950 3320 615 4000 8342 4018 9836 6278 2104 7086 4510 7780 5856 9624 1980 8261 30 1715 7791 8145 6613 5889 2118 9058 9014 8456 122 8935 9555 9926 7904 5455 4815 7461 8215 3916 288 6114 2942 6044 7440 8181 1383 2418 1938 5862 9235 5102 1658 4323 6711 319 3237 4702 619 1817 8807 9601 4744 2269 3640 4558 2263 8345 711 1153 2512 7110 3005 1951
80 3588 643 2507 56 5995 1215 4492 1480 4386 5163 5640 8913 6251 8565 7595 98 937 2064 7318 3084 2470 8252 341 5044 3978 4745 8641 8282 9676 6159 4552 2955 9990 1 2862 9769 8276 1986 8592 5707 8963 1474 3836 4182 2784 4620 1440 4680 5558 4793 9421 8343 2062 4243 1764 9382 4233 2520 7974 4405 2093 6383 256 4975 9359 7320 9383 5570 9845 1248 5150 126 3070 6404 8741 7862 8659 5971 7780 1854
75 2235 580 2917 6808 4659 7397 7800 6059 1566 5935 6921 2742 5417 2754 5900 2841 9817 7995 6547 1644 9502 3344 1046 8520 7442 8 1600 5593 1995 1153 3050 2226 4851 4935 9380 6125 6229 6584 6127 7479 1250 4633 6522 7697 2257 747 1112 8368 1309 2425 2342 4560 4017 1486 4438 9226 190 1701 8963 8965 9483 5999 6891 7473 5421 3852 2791 142 5749 7499 4796 5735 5798 4894 646
78 4715 3939 2879 9445 8629 5168 8577 5154 5790 3119 6408 4311 8680 7791 1190 1167 7393 4221 5250 669 7526 648 212 3682 3678 6928 4959 440 5331 960 4577 2102 6374 2984 2439 1222 1035 9755 7397 4501 7665 4284 2020 7184 1304 2323 5876 47 6332 6702 1337 7875 8692 2847 4160 1646 6179 4207 8175 2920 4019 789 5012 4777 2269 8152 5465 4412 8006 5166 5991 6134 333 1343 5321 8392 2458 1254
75 187 7300 9373 9550 1184 109 4280 1631 5748 5776 1043 225 8836 8670 2037 7900 9264 8135 3788 8074 790 4379 2542 2106 9020 3175 6050 5971 9490 4760 1520 8272 5452 8643 1714 4708 4626 8109 5483 9226 2365 4778 4305 5659 1767 3957 3436 4343 5768 2180 4763 210 732 7621 5471 7526 928 5488 891 9510 7441 3381 9114 4904 1701 7736 4826 4175 7244 3665 783 8443 1228 9734 812
74 4098 8672 2459 3433 1265 6405 6257 1060 7991 5170 5431 126 7632 2308 3406 7043 2983 4334 1321 9394 374 10 255 356 32 7668 9592 1852 3315 4575 2478 6735 1295 1804 3287 2473 4723 104 1133 2294 5643 1285 8091 8689 1641 4162 2263 850 5232 3289 1697 1372 3095 4446 7215 6070 918 3275 8818 5305 8930 8528 6343 2510 5628 2544 7208 2218 9598 7402 6841 1230 9255 7270
78 8313 7336 8956 5731 9482 5943 2931 6480 7877 9090 5827 9489 3150 597 6872 9803 8061 7921 3100 8838 5345 6761 7205 9466 4818 1385 9807 4556 2849 3330 6718 1816 3194 8290 54 6864 3412 9530 1461 2779 2988 2890 4133 7769 3321 7162 952 9112 7579 8928 8619 8433 8038 9481 8792 3240 538 3484 7859 8517 5880 1435 1624 7415 7750 4092 5913 9036 1815 7050 1287 5226 3951 548 2025 9049 1242 4660
74 6329 5941 5551 3717 5839 3583 3833 5844 3321 5305 6344 4893 1242 4352 5882 7835 6732 7047 4536 4379 1625 1237 7655 6648 7640 3629 8357 4262 8654 2014 5221 4157 5189 2589 7550 6686 5598 3204 9809 9345 8719 4463 1445 9562 7222 1429 3624 2005 8863 9373 876 2170 2634 5377 3297 4588 7400 9250 6168 7951 102 7872 6598 9441 695 722 5567 8799 3601 5571 9376 7786 5895 8041
76 585 4372 3974 6426 231 2097 1587 8781 6597 2353 5704 3999 8267 6248 8930 6388 8361 4754 8172 2982 4579 8994 6973 1541 4043 7748 236 1786 1352 1316 9919 5859 8489 8094 3535 1086 6179 4786 9164 2485 2254 3507 7212 6664 9851 764 8640 4409 7377 6120 8062 9665 374 3826 1646 1174 5855 8228 6484 6281 4263 3813 479 6732 8265 2284 2855 7181 3464 9983 6188 7753 1133 4404 6911 3892
75 6237 3731 1203 5307 2955 1874 7178 4502 4628 3872 2059 8182 29 2669 3557 1280 464 6704 7880 966 2798 1291 3304 213 4960 1861 8992 2464 168 857 3600 7896 4480 8902 1804 5907 2716 6509 316 731 5420 7559 8208 4512 7199 453 9648 8291 7346 969 874 3854 557 2609 7425 1666 5237 9489 9594 7647 5926 3084 2555 3335 7919 3781 6210 5796 8573 1691 7406 5693 9883 6920 3313
77 6296 810 1236 9420 5922 4692 900 7380 9762 9335 3372 8723 5241 9956 9495 6631 918 7185 1961 4908 1427 4184 5523 365 3153 5047 3387 3230 312 4568 4095 4222 4996 4389 6689 5447 5847 4586 4768 5625 7865 6056 9170 4492 588 7837 1054 6536 3816 5878 7335 7921 3330 5231 8083 3850 3931 4478 8419 1869 7460 1276 2578 8122 6810 1346 356 4312 9793 8289 6308 5237 2271 1587 6527 2000 7578
78 1750 1714 9319 6442 7834 3276 9360 4916 3148 1528 9485 31 1094 8845 3975 6918 5488 1236 7749 9069 3423 4464 3144 9563 9795 3562 5427 5323 2236 3568 2119 5036 5497 2828 7244 1908 3727 3359 1183 4657 4513 7536 2569 9085 4007 4257 319 8105 2479 589 2426 3065 6964 6011 7463 5540 6337 4055 8358 4378 3676 1329 709 1007 2367 1810 1789 7706 9832 683 7375 1142 5644 698 7974 4961 5164 881
83 2640 465 8239 431 1793 3811 1906 9333 9263 641 2710 8819 9476 966 9219 6931 8395 5056 3865 2349 4986 4904 134 3658 2991 7554 8515 5454 4522 2255 1957 5772 3952 9052 6607 6967 6934 4438 7834 6582 3624 8229 3493 7604 4732 4858 3872 1422 484 5162 6153 5357 894 3284 2787 7508 9418 3278 5734 5306 574 2803 1565 4394 1765 9443 7059 5225 5176 3407 1678 4888 951 2105 6734 6022 2455 4491 8249 9908 2698 7219 1134
77 8905 3557 9640 9076 5244 6 2285 7390 94 4155 2168 6357 6432 2833 4034 3393 25 1450 3088 1681 2050 5665 3440 6013 5508 1226 8768 2902 6739 2723 4732 396 5193 1097 4032 7275 3754 2386 166 6750 7328 2332 4906 5054 1654 8808 5275 2063 5676 2512 9611 9543 6708 3052 5337 3815 6278 8699 1024 6080 7722 1339 7285 3344 9762 3207 5870 4109 9559 9585 677 691 3009 9643 391 4532 1375
76 8754 9521 4804 5618 9924 3336 67 6003 6838 4672 2149 5711 1312 2791 1356 5730 852 8828 9768 5078 2813 4667 4782 9939 8986 9771 110 5854 2100 862 8893 9511 5365 626 2410 3497 7693 7219 1468 6090 1639 9925 7495 5882 636 8020 3367 3544 9533 2807 3212 4769 1761 5410 6448 4511 7275 6126 4281 8473 4195 7722 8045 2710 3545 1444 3895 2125 390 7030 2605 7928 6222 2345 64 6613
80 3162 1093 2084 9249 6756 4137 3933 9135 931 6006 6828 7233 7107 5395 9949 5607 4730 9670 8130 3365 6963 8318 2765 9339 2089 6580 7851 9420 2613 1230 9871 9577 787 872 9920 5283 8355 4878 9701 2670 6722 5943 2775 6864 1033 706 8138 487 7571 5450 3422 6490 9428 9326 8678 5552 9823 7976 5863 8618 1725 20 6376 1172 9772 9178 3196 9960 5663 3725 4947 6504 4100 7634 1011 1213 5138 4186 681 3691
77 8929 1272 2644 1891 1138 5308 4888 8252 9465 5109 1230 7906 5113 1930 2180 7328 5884 9719 4797 3668 2561 1283 4717 5573 1601 6894 420 6846 5918 1039 5793 8227 4552 4733 1519 8563 6050 3165 9126 6727 7632 5831 9795 462 6998 4306 7522 3380 1174 5629 7146 9061 9195 1053 9915 6648 8235 2732 8435 9705 796 8955 7115 2581 3791 8273 8920 6929 396 1509 7352 4762 6328 5410 2257 9188 889
76 1797 2692 4031 5043 1975 8498 3008 6218 8192 5629 6174 3105 7251 9473 1773 3295 2314 6477 5659 9650 9599 2827 6592 6797 9376 5974 4055 1296 2022 4932 5566 6101 5906 682 1814 9801 7110 2698 1118 2857 7106 741 215 3700 9684 3020 2768 9680 8295 4868 8030 3606 5257 6524 9911 5644 2640 7275 3193 920 5545 6169 7107 1352 8741 9509 2391 7659 2598 8354 6712 9498 2000 6277 4043 6023
74 233 54 3184 136 4581 7532 1456 9098 8006 1763 664 7885 7505 1354 7336 1347 9633 897 9389 8591 8398 8504 3727 4137 4157 2135 7425 4141 2380 4329 2197 431 4096 2403 4037 2653 2121 8258 9700 8542 9106 7426 3623 8419 3227 8967 5154 1294 9346 1758 8094 4718 3590 6427 8053 3766 4024 6876 7049 4466 1009 2545 5798 6082 7814 6853 3393 6837 7708 5726 3269 2389 2917 2895
73 4544 9624 9285 8387 8190 3595 8482 4278 7471 6802 6066 3932 7122 2819 9715 5796 3626 2803 6703 6458 2023 5663 2004 1694 8662 4562 9681 4717 8908 2540 744 7590 684 8531 6818 4262 257 5757 2744 8549 4322 4928 4417 6200 9768 9487 4739 4934 5522 9934 1805 1250 9321 554 6616 8931 8508 7606 1239 483 9799 7732 5965 5450 3656 3676 3761 2626 7301 4541 9589 3625 6030
77 5814 2429 246 1056 8958 140 8318 3837 7496 241 6936 2475 90 1332 8214 1528 3533 1797 7034 7083 8963 2985 6590 9028 5582 2060 7038 7382 7211 2387 1333 7033 2517 5785 9371 4286 3041 4815 9909 3115 6896 2886 8919 5986 6856 7657 8059 701 7859 7363 741 3158 5442 3918 4698 3441 1600 702 6372 505 859 3883 7916 4556 1419 6990 6176 9210 7076 6400 1739 6615 3348 9697 4580 3425 4305
75 4082 1209 6485 9120 7038 7968 6417 7194 9107 9150 3715 3059 7197 9735 5275 4967 8339 9307 4457 1675 9151 3401 2944 5048 8363 1025 8106 3060 7324 7142 4348 5989 6729 352 2158 3298 3629 965 1810 4292 8036 4561 8205 6492 5690 3166 3296 8828 267 5205 6073 6123 2288 4142 4275 982 3814 8891 3212 3959 5852 3569 2099 1682 4524 7349 1019 9619 1311 6474 6050 5286 9763 1179 8675
76 3223 4296 692 7093 2043 9127 5352 9089 7404 7457 5112 708 3175 3082 7358 4311 7242 729 4035 1737 5580 3002 2719 3240 2983 907 2345 2903 6598 8675 1860 5226 4897 6875 1213 5143 9765 6342 6612 1747 1118 1441 6246 9912 1942 5776 8103 4636 4174 3829 8122 284 6695 2676 1019 3788 9600 147 649 2618 5562 7962 8753 1717 5768 5645 4893 2869 4886 7066 7818 5244 6806 2934 4186 6705
74 5455 366 954 1339 8355 6368 4892 2503 5867 7478 1047 7722 8081 7786 6590 6536 4791 446 40 1421 7961 5718 6415 8919 7896 4943 3353 3518 2822 4611 3907 1424 6982 1417 3612 7642 9074 6091 6853 2625 6790 3224 5207 9342 4319 6355 402 1931 7947 1884 4766 7758 1363 2206 5763 7069 7922 8311 3427 506 6584 7447 2617 274 3812 1407 7836 7796 3667 5413 7320 7190 5079 7824
70 3637 9568 3568 859 6430 8814 9657 1329 2954 9990 5446 3004 8012 2116 9366 8251 2281 9563 4307 2950 4798 8446 7978 6613 4833 4621 6034 5558 7472 400 7540 2689 9118 2851 4839 9217 9327 8597 5571 9755 9363 8017 5117 8369 8948 6457 495 2370 3207 3890 452 9159 8257 5866 635 5565 3855 9647 6228 1626 9190 6035 5414 4499 7740 9561 2225 2086 9890 5650
75 3939 5037 6871 7596 1895 7204 6807 2330 7929 9573 7634 7391 7343 7288 5299 5694 7321 5178 1460 7915 5917 3076 5446 7093 3407 1938 5497 7005 7129 5972 2341 1026 6469 404 9460 6684 1166 1693 8083 7562 5344 8154 8787 9336 1430 3551 8499 5634 4925 6828 8796 7296 350 5799 6905 5820 956 2555 2039 5202 589 517 1815 3501 7314 9151 1722 3987 8687 2214 728 5762 5435 6664 4866
80 8845 7936 9849 6615 9797 6816 6605 5435 2468 473 6637 5877 1411 2666 5882 229 8012 9961 4296 3139 9255 4648 5263 2906 2469 9848 4085 3020 1690 8399 7411 7232 8923 8387 5540 1361 153 3645 9179 4306 5924 955 4342 8298 7849 4868 3347 6562 9843 7854 4436 531 6856 5717 4872 6145 7243 1187 7163 9875 8490 7075 6249 3457 6444 1910 5170 4316 406 9382 1048 3654 1879 9998 5101 3227 2398 1499 7886 9071
76 9172 8986 868 5807 8057 7502 19 2539 6467 4874 6535 4544 1292 6915 910 6351 398 612 7622 2236 8030 7179 5190 5586 6552 7727 3105 9866 7604 3633 3473 5403 384 7536 9741 4536 7629 6648 6269 8100 7050 8427 7854 5258 3293 6309 8128 8094 1660 6169 5186 5946 8061 9893 866 6220 5064 5322 1838 790 644 213 2139 7647 458 9379 8375 6678 1269 5783 8266 3728 8018 8024 8031 9069
75 1360 3358 718 6650 3978 4140 4380 7117 3748 1717 2071 1725 3455 2035 6658 4661 3776 4911 3182 3929 1745 5939 4031 4666 9834 1242 6095 9781 173 4766 4698 9652 5854 6088 9968 1909 6253 8952 6705 8374 5711 2138 4943 9238 5337 647 2560 5002 8490 6492 9992 4556 631 953 7180 5778 2491 5445 7874 7060 618 4913 7088 4126 2793 1520 1786 5044 7928 1892 3389 8762 3884 1374 5517
71 3197 7458 9746 1948 9387 2304 7807 4368 1875 2324 9674 7962 6335 6584 2263 7095 8208 5433 871 1608 1452 6722 2815 881 229 3182 503 2444 1505 1714 1380 8049 7832 865 7908 5994 6975 6699 9294 9264 5716 4600 2518 6228 7113 3512 3680 6365 5455 5793 3551 7354 8573 2452 1031 516 2912 7293 1953 747 3569 118 7057 7474 319 389 8332 6425 190 4956 6202
80 1578 7341 2666 3079 8398 1342 6649 3369 9776 5386 8875 4559 4907 4330 7073 1866 8010 7530 7628 4817 3266 9493 7369 1896 484 653 127 5136 2334 3493 516 8133 1130 1586 8101 180 6358 1851 2447 3078 819 390 2234 5575 4157 2664 4744 4101 9065 5753 9346 3161 3356 8877 5371 3343 1028 6805 6127 3676 7149 5154 8475 3535 2656 8105 7306 1137 2269 3803 5058 4274 5486 6447 7927 8338 2514 4221 1636 3688
79 336 7148 3185 2357 1468 5104 6429 6734 8076 8652 4561 9613 8074 9412 2908 1859 714 5765 3104 2470 6039 40 2417 777 958 8744 9372 3496 3532 6126 9197 590 4992 5817 7998 3164 5495 7019 9735 2974 4258 9335 4625 7014 4610 1078 4451 3775 3273 9809 7857 6603 7172 5017 2752 7636 5774 3536 1661 4614 4591 5992 1349 943 1941 542 5119 9948 1467 9341 4241 4446 8585 4393 8341 2197 1350 5407 4411
73 4714 6278 1614 8868 4727 9949 9916 999 8775 5830 1790 907 4089 7042 1498 1736 2468 2926 3961 7849 6461 524 6946 221 1477 534 7884 2428 6117 3057 5730 4896 3052 8376 9412 7912 4453 817 7015 5711 9713 4188 561 481 9330 8516 6132 8322 9167 275 4380 1179 5618 1525 4642 6079 519 1067 1590 7542 2354 6186 5325 1593 9577 7576 9135 2402 6406 7355 5708 1922 6624
81 9601 7031 5584 5732 8167 1101 2829 2466 134 5473 7028 2145 6809 1028 2628 4623 4409 3396 4352 9568 9526 5887 215 6133 332 7989 9722 3626 6723 4880 4856 9317 1602 246 2185 6319 9924 1442 9509 1130 3170 4683 6722 5915 9988 6195 823 4817 3267 1470 6887 7382 7181 2535 7576 2417 5430 6766 5223 4316 1463 8553 5310 74 6864 9745 7220 5991 5382 4462 2850 4850 8320 9885 1357 5397 7247 8408 1809 1774 4604
80 7860 8106 9175 52 7200 9557 3038 6733 6052 6295 2742 8934 3325 5075 7869 8281 3358 2143 9563 4521 6144 4076 1102 9309 3744 1776 2028 2270 4840 5967 2863 6164 6230 5413 8216 3123 1996 510 4021 3847 5121 8763 9821 6134 5820 6602 7996 8383 8547 9582 5037 2138 7260 5207 3180 9321 9461 7664 3987 2664 4378 7400 5699 3945 6079 8848 1900 3915 2749 3747 9090 7570 1064 1674 1445 1439 5604 6075 2848 5332
74 2981 9198 8131 1257 5523 8624 2589 5996 9550 8605 5620 6815 8561 8467 1690 2837 4709 3837 6531 7257 7514 9527 279 2922 626 9680 6439 5123 1917 2174 2972 4946 5198 885 6243 2319 3444 9378 3661 3799 1159 67 8541 2910 2569 9684 8220 8919 2949 8495 3364 8893 3201 1364 4176 2046 5772 7436 5098 306 9029 5602 4164 3181 7442 9925 650 33 4368 8833 3051 8333 787 1925
71 6035 1577 6606 3712 8554 6710 5556 1418 1281 7574 6668 2812 1216 7475 3192 7464 8811 9331 2809 5849 9654 2234 1121 6498 8708 8918 1912 9058 8821 1312 2419 1590 5044 2978 4172 6327 468 5625 8950 1219 705 8106 3920 1443 6507 9874 242 8116 6796 780 4873 3754 4199 6793 2936 43 686 3993 528 7516 56 5067 3075 8103 6701 9459 9518 4012 7119 941 5614
70 7784 7901 4721 300 2438 2923 5578 2960 1066 1639 1374 3320 951 1469 6957 4876 7318 8000 5430 8551 6445 6870 545 4853 6704 7186 2943 1450 4544 6761 5697 7402 1870 7940 4251 3763 4673 6932 807 3656 9320 2668 3700 2064 2333 5001 4179 1336 2193 1310 9391 4106 389 5772 4982 999 4360 3619 1068 7078 7502 3180 4397 9549 7492 1515 4733 5103 475 8059
79 9180 7453 8038 7866 999 2574 1349 4999 2552 4200 1376 1111 8385 2524 3071 2276 1471 8653 7959 4962 9561 5091 4975 9616 9187 4412 1692 1133 4187 8058 5132 82 3063 1677 2477 4370 5677 6065 2285 517 9613 7723 3863 244 7398 9007 1239 3155 6172 9481 6431 8359 3815 3335 3188 6041 1326 1441 4297 2032 9032 392 7578 1488 9102 3705 9154 3605 7651 9397 9039 4266 4171 1266 1857 4545 4128 5406 5320
81 7233 973 9557 5828 8520 3819 5847 6337 3293 7590 4041 3760 1773 281 649 7349 904 3669 1749 363 7159 327 9375 3055 9164 9084 6787 7110 1356 9905 1770 4574 8623 6324 9174 2655 3490 8543 1166 7229 9681 3145 2376 8073 5172 2085 5168 5413 6446 5938 8444 3217 3883 210 5803 5067 967 121 9860 4315 1601 6835 9821 8594 709 7034 2073 8755 1679 6270 8617 2637 7419 2595 3219 882 7372 2303 4498 2846 4701
81 3278 2773 1585 5798 3705 142 843 8864 5806 9222 911 605 2872 8490 1101 9478 4030 5979 4066 4581 8091 613 1554 9065 6518 1497 8943 4911 9726 7076 2613 9322 5377 7978 4003 7249 5200 5563 7281 3139 2620 5215 5663 3449 2951 6001 4590 5025 8313 8863 9926 7740 9043 1787 2772 4727 3853 9614 8293 4243 998 375 6719 9637 8795 4015 3246 4993 3294 755 4825 1838 8281 9681 6341 9712 8515 1569 1282 4536 6846
76 6071 2082 7823 9383 3387 4453 3573 4862 809 6407 3714 8073 9165 6861 2789 9303 6519 7353 8048 6627 7776 3037 5875 3627 1644 8284 8884 2427 7642 6404 543 6189 3301 7220 6880 6415 9983 7838 7168 4336 5273 4445 5381 734 5635 7656 6341 8637 4687 1292 7813 3368 3093 86 4609 669 258 8793 3376 2754 8787 449 8471 3065 9606 4379 4931 4042 3427 6372 8349 6901 9814 6044 643 6813
77 1100 4634 6258 6920 4100 7296 1120 5996 2757 3990 4975 385 594 8362 5035 993 379 3995 1096 9970 430 443 9892 3852 440 510 1811 3300 4575 7053 9050 8254 2865 4185 3535 1862 2292 9173 5563 1306 3226 6364 8060 5974 1621 321 7805 7696 3514 7282 317 6118 8839 7568 4930 6901 4377 7486 7236 6521 6482 4655 9178 2370 878 1846 8120 977 5430 1620 1295 1661 313 4403 3942 1521 9377
76 6519 6665 38 538 6823 7099 8297 9025 2324 1220 8630 2034 4437 5527 2364 6123 9369 8936 7190 4573 8397 1644 6633 1551 5074 3576 1853 6836 7754 7079 9181 1878 1941 6204 7613 9032 5771 4546 1971 6400 3385 4797 4226 7198 410 1826 8759 3077 2649 5424 6343 5845 6873 6189 6030 5125 4471 1875 4382 1430 2183 5634 9833 8128 4186 1794 7518 4563 2932 761 8151 3024 6540 6356 9103 603
79 7053 7847 3083 4351 394 3703 4518 2220 1481 1025 3937 5240 2205 579 8241 7068 8381 8896 1928 1125 7185 3450 8270 2240 7582 7079 3785 3463 7203 8777 3251 2294 2868 8826 8864 257 3732 9608 2360 2379 7205 871 9244 1965 6125 4092 3228 8429 2464 3418 8134 6400 5929 2407 9056 1503 2185 2928 7376 9536 8956 2449 2490 2171 8294 4323 6989 4977 7045 1195 8861 7216 5562 1234 2264 5400 7195 6551 9963
69 1574 1570 7971 8601 7805 3009 4986 3533 4120 1380 3298 3897 7022 4755 3711 4329 9653 5796 7449 3635 6846 9248 161 41 3046 3036 896 1615 9237 5639 5366 2032 7149 2369 5930 9874 6339 6956 5879 9754 6673 6343 8738 2204 561 9806 2730 8773 9909 1680 2841 5574 8694 2183 7874 4078 9520 8873 580 9311 3325 1776 1417 2197 4611 6272 8745 3848 3852
75 4083 9944 3293 7215 8530 5764 8564 2556 1431 69 6246 5021 5405 4296 6234 9058 7317 5461 340 451 1365 4204 5173 8391 6350 5105 9484 6622 6893 9615 366 5755 4670 8294 3693 57 9937 1047 9709 8215 1943 7395 3871 7139 9025 1445 7093 5300 6820 3750 4177 3733 4595 4414 9269 416 2534 1319 7047 6344 9497 8579 523 8656 4393 1373 2049 1716 5192 4295 118 1660 9141 645 7224
73 5388 6288 1032 4593 9002 5672 4265 9544 3153 287 298 8349 1870 8049 3094 2089 7729 1527 2257 1780 5635 4328 8028 2627 1978 3504 7280 2535 9903 6388 5554 8549 8461 9098 8266 1470 1838 6706 1791 5000 7181 5984 3180 1110 1841 7149 9396 9570 5694 2921 917 3815 6182 1601 7068 154 3485 9510 6687 9472 9660 1976 7124 1852 4610 8884 5290 9527 5162 5509 1487 427 82
77 5935 6704 5056 9098 343 7634 2522 2299 7870 8409 8050 1297 7333 6412 1780 9713 820 7741 2610 9836 3262 396 9756 829 9833 4235 6248 4561 2260 3117 2571 3727 5995 7327 6308 6920 4717 8798 5925 9802 6816 5636 7759 7728 5059 3188 5873 9280 1124 6260 3706 5959 1566 4794 4642 5345 2098 4569 1228 131 3002 6325 8242 4133 9000 3938 5948 6129 9279 4858 8544 8476 4431 2385 8329 307 984
73 3139 1308 9175 4848 8404 5061 4904 4206 998 6515 4951 2329 2898 1259 111 7597 3451 7712 9516 7896 2610 9205 2735 6562 7899 2275 6175 8061 8665 8156 2247 2394 1634 577 2465 6040 1804 3836 2153 892 1558 1765 3680 474 8532 2732 4392 6064 5826 768 8325 8985 5316 1422 9256 33 5697 5647 8514 6389 3787 778 2680 2530 7535 2055 4287 4830 9698 4257 7683 9115 7841
73 2237 1 8931 7059 8906 5698 7341 1768 2571 6637 3621 8928 4815 3630 831 9162 8459 1494 7390 6620 8166 8636 2739 2457 2853 3194 2141 5755 3053 9614 1316 7081 3209 4366 5690 5178 997 9049 7213 3513 7755 8485 71 5780 9474 6357 1262 4201 4333 7884 5409 3500 5955 6568 6725 8474 3858 4294 6520 963 4494 3943 7149 9389 510 9094 7514 187 9923 1363 7372 2017 2168
80 6465 5784 2454 9404 3922 3237 3778 9644 6738 9132 5918 4948 213 3440 6272 1611 1011 6238 6908 228 8361 3261 8081 8219 3218 4489 8967 8179 7150 6614 1223 9304 8231 8651 9730 3211 1502 1748 8869 6833 2086 2441 8202 9517 3563 9676 2628 2702 1418 827 578 1496 6047 2713 9041 8194 4418 9448 9098 4019 9507 3316 3909 3315 9251 91 1427 6259 2349 7397 6100 8656 5623 5749 9650 1906 9315 464 1267 6067
78 6548 8601 786 4794 5965 7523 1292 8312 2108 4055 8406 5069 8889 9316 9368 5749 7564 7458 5674 4789 3425 7557 8810 9036 9459 3927 4276 7693 65 5933 2083 409 596 4747 5957 3590 3587 4411 9196 5681 9118 3305 7293 1757 3119 3131 6919 1057 1495 4612 8888 5556 4087 5934 8233 9868 8036 679 2684 4658 8266 8268 7028 8020 2625 8301 9785 7141 9495 6417 5414 770 4109 5550 7985 8699 6713 801
81 1860 1715 6855 461 6347 2805 7251 3058 6028 759 1121 7832 8826 5839 9749 6369 1666 7152 3598 256 2125 3324 9259 6250 8018 6295 5402 4056 1501 963 6671 1495 89 3659 1362 7595 3587 6005 1727 5605 4743 4289 2579 278 2367 1542 2206 2236 8987 8625 5295 2238 2797 4830 3325 5044 1004 5898 1233 3702 4131 4871 2591 3781 2339 9730 6742 4255 9038 5954 6837 684 1369 6518 2407 9118 1430 8611 6895 7084 3312
72 7883 2672 5060 7423 897 5578 2910 7923 7105 9257 9191 700 9728 4004 8576 7886 9712 5438 4150 9151 1344 999 3064 9773 4475 2937 8418 4465 6979 3044 2064 2008 307 2018 6743 9624 8470 5741 6682 9233 8065 7055 3201 48 6761 3068 8553 9995 7754 118 7452 1416 5378 6808 4358 203 7944 7473 7446 1181 3170 9078 3932 9885 8737 9924 8863 5872 2663 3790 2069 2372
70 1277 6494 8747 2208 8482 2571 5175 5130 8489 3208 183 4550 9478 2153 5423 2082 8355 5667 4793 5273 6454 1214 8619 1181 1973 3859 855 2852 607 8685 8352 8078 7462 9302 6646 1278 7275 2284 8428 4120 4489 8671 8603 9415 933 484 9016 6201 9988 2513 6727 5410 5395 6671 7545 6241 46 7930 6291 5931 4244 9670 3509 8969 2643 1038 927 51 5101 5199
80 5425 8571 3806 6177 18 5994 7361 649 5346 2482 5395 7548 6143 8267 5528 4178 6046 6496 5030 4888 2132 7176 4420 8442 9297 7261 8216 3452 8628 912 9729 8220 2644 3721 5294 3702 8163 3688 9208 9773 3145 1281 6266 216 3614 1788 4403 9846 6348 3015 9006 8444 2342 6098 6245 6834 2281 1218 6820 9827 9843 3268 6795 5017 7778 7028 7098 5427 9736 4810 4060 9030 9943 9377 5071 2964 6784 4940 8709 5696
78 8963 3167 1268 8048 3902 1441 4216 7258 6089 3068 5100 1383 3953 5224 1715 6208 4171 6121 7004 2772 4414 8808 3245 5372 3111 7363 1248 7129 5766 9111 4910 4719 9746 899 6023 1378 2180 1254 9234 9850 6736 4680 2809 1032 916 7562 6778 5380 4185 8460 2550 9908 3239 2858 8858 2005 6752 912 805 9677 3890 1191 6698 7372 2566 4954 5553 8794 8814 9432 3915 4844 3916 5836 9514 8672 8845 5765
77 5601 1711 3057 4858 4958 7954 1428 6815 2202 6894 4429 9972 4769 232 3304 1012 7365 5063 1425 9170 3184 1717 7524 6642 8069 5934 6997 2082 9154 89 2663 6878 1404 736 5518 1664 5197 5728 8284 6927 6613 8323 2729 7880 485 2042 932 6839 8523 1953 825 3734 1743 2647 601 6767 9495 785 279 8578 7276 5136 8626 106 2239 7279 6083 9829 2515 2306 7436 6993 6777 5841 2731 3845 5673
79 827 370 2448 917 4351 7446 6275 5637 8966 6227 9315 7561 5504 8455 4950 8751 1939 5715 6624 8129 682 6024 5541 492 3705 4705 2581 351 7027 8297 9048 7125 6460 4933 7351 9373 4179 9070 3171 3375 7932 3190 7135 352 9816 8196 7118 6686 5099 8923 4672 7257 1881 4162 899 8138 3260 9586 6672 6779 2844 614 348 1731 7059 5912 3629 6960 5879 7455 9629 4547 7977 2493 7636 237 3183 8207 8731
10000 100
30 5793 7100 2155 9730 1668 2269 7038 767 7193 3131 5019 6590 5808 6247 9318 3263 1696 1947 3891 715 7848 8198 4168 9554 5568 6886 1539 3243 8093 6563
24 8385 8786 9482 4790 944 6620 1982 5261 2387 7662 6000 8172 8041 3096 4762 7194 9462 2254 2777 2047 5333 604 824 3244
31 4307 1390 768 4930 1700 9218 9022 6563 5264 5250 2170 1538 172 8177 7112 3751 3681 1017 8777 5139 4654 2967 8560 4060 1349 5128 5963 2858 7887 4528 9938
29 6593 3294 8096 9051 5933 9949 6291 3939 9848 1313 6323 5102 1247 4218 2746 139 5 5520 8589 4743 2982 2915 3326 7029 8938 469 3871 5217 8837
31 4005 9481 7387 9483 7874 7918 4710 9587 8593 7065 7845 2720 352 4869 8590 2775 6281 2198 4105 323 4302 2630 272 612 3760 193 900 4671 4450 5934 5199
29 5747 2498 2034 3492 4371 3686 2226 3152 1893 4393 6281 7236 206 3521 9673 1277 9956 2849 8729 2006 1385 4725 1059 1125 8561 464 4458 767 8572
25 711 7900 2994 8690 1008 9734 8550 8601 1614 8694 2070 5970 8517 6293 9464 3555 7152 4039 566 4487 8934 9979 1849 765 7498
29 3358 1497 8172 8012 9746 2760 2911 7570 5138 3867 5839 5141 6453 6987 6258 9952 6774 5456 3830 7114 1073 8120 3852 1591 5845 9616 5687 2232 1890
32 9512 4518 1142 816 5018 5275 6536 2155 2243 6326 903 2389 9729 2584 9925 8050 3414 1431 3776 6130 18 8261 8889 7342 1015 1443 3167 6109 4579 6118 9391 7193
22 8913 3543 41 6721 2847 4036 4140 2120 7547 594 9577 4378 9578 939 820 9120 7157 9557 9646 4494 4106 7057
32 5821 3642 766 2413 519 7054 7178 3741 9556 308 6500 9018 7051 1240 7522 4932 4100 9637 9868 9043 5522 7085 8486 9167 8923 8852 8190 8443 6835 3405 2825 8308
31 2375 6299 2117 6521 1556 80 6868 7818 7383 8222 5319 9912 7084 3318 7428 8934 2659 1074 2758 8806 6156 8777 822 2334 9584 1637 9045 1718 8488 7487 5985
31 5545 4128 4873 4500 9955 3612 6170 7967 850 7902 4091 3952 8027 5119 6005 3478 4888 1830 3854 6831 8307 186 827 3374 6895 6803 1662 6166 2388 8903 7700
30 3701 7431 7972 635 5739 8929 1153 4539 728 5105 7240 8299 8365 4866 8838 1145 5056 5345 2188 2471 7942 7501 3934 8954 6882 3715 5625 9679 4284 7306
33 4951 7293 9788 1028 9110 742 5865 8594 1876 9620 3647 3544 1864 3444 8090 8986 1916 7726 8156 9262 2072 3380 8979 2524 2739 4955 6767 8811 9177 1927 978 1409 2232
26 9368 6508 8028 7470 571 8197 2363 3764 9009 4945 6234 1655 4913 7506 1347 7952 2952 2051 4217 264 5216 217 1102 1985 8698 2397
25 5257 6220 8794 6930 851 7891 3581 8810 1134 6947 3710 541 5588 3531 8436 8206 1635 9960 1692 2645 5056 9662 7667 9576 8594
27 8638 8749 7395 2907 4921 5623 8745 7291 3034 3037 8517 2350 1193 32 8792 76 385 9299 8171 7488 7113 8257 2810 5667 4033 7360 5095
28 1147 9276 251 5914 5143 6773 163 9052 7405 204 9024 7585 4657 3247 8362 7239 3509 9322 7147 6095 6538 3033 5356 7227 4271 1965 4693 3708
25 6071 7867 6555 8321 2199 5408 9470 2747 8053 1573 4380 2614 1744 8191 870 9395 5494 1844 2470 3019 7748 6079 9960 5575 1725
29 7690 5290 8861 7456 6992 786 1823 1263 8867 5377 5151 3085 7707 2604 7870 232 3218 5101 7991 3786 3389 6372 1461 5631 4951 111 7705 9108 818
36 9288 8315 5454 6832 2470 2238 7620 1350 5052 6208 3720 3040 9705 7939 630 4505 4481 399 8454 2480 3587 1531 7312 1342 8759 8055 5744 2261 5495 189 9047 2673 6594 4945 4561 245
28 2289 3225 8980 1824 8167 7344 1961 3303 8881 3643 6297 7429 5562 6077 7455 3798 7897 1731 5046 5553 1081 912 5156 1492 8199 1933 5796 2442
33 8691 7999 5919 8971 915 1736 8757 2869 5013 1566 8462 9305 6274 6613 3087 3302 2201 2122 1432 6704 9644 601 5355 7202 299 8322 6130 2728 9868 2222 7819 4864 4578
29 8010 8161 6014 1967 1292 6762 8884 4265 5334 47 9818 246 7481 6379 7107 9187 8787 9712 5961 9197 4226 309 8764 8968 9594 3341 6071 5504 3513
28 1544 1050 4434 3010 2236 6751 2811 6133 9301 5990 6523 2106 2443 2180 4011 8800 8693 1883 394 9588 3312 3070 6777 4225 6808 1905 5290 8327
34 9564 7085 1458 5696 1197 2655 3962 477 5026 1324 6372 994 1406 1902 7405 903 8774 4656 7441 118 8996 9300 1127 7443 3856 3042 3645 6819 1326 1723 9935 5040 3134 1756
31 3191 4385 8785 4167 4618 5135 989 4649 4366 3252 8527 9979 9532 8147 1909 4506 9872 8848 6968 6268 7025 3205 6538 648 8741 7802 7761 2737 55 7371 6453
26 4644 2545 6685 4134 7075 7701 7153 944 2860 4991 3248 6500 8634 9982 3486 4754 7027 2165 5139 1048 178 9316 5980 4259 325 4778
31 2563 7075 7474 750 6125 2242 5685 8169 6033 8935 4301 5438 389 9654 1342 6474 5758 870 3712 8708 399 491 3870 8428 2301 8372 9143 2640 6679 2575 5626
32 310 3026 6236 9646 8692 4346 1602 7452 7682 3830 3844 6239 9149 5101 7857 9922 8157 5022 4959 4131 8626 9988 6651 5434 1940 7510 3130 5214 4069 7465 6512 8698
28 388 8426 7680 715 3140 2598 7204 4571 728 3540 5525 853 3098 5241 8258 3241 7635 6629 9071 5416 6899 9276 1870 5878 4357 9216 5509 4419
22 7121 3445 513 2896 711 4813 4191 2012 4069 7813 5769 1254 4439 9652 8417 1277 3189 8529 7604 360 3525 3680
26 5076 8868 3356 9366 879 6960 8795 1189 990 485 3637 9798 7409 1045 4676 4384 7506 8496 8302 1122 9362 8068 8416 6684 5182 3300
30 4701 5091 862 3171 8679 9713 7678 9767 1231 412 5189 989 3452 5108 9095 5943 7139 8014 685 5995 1326 9643 2990 5638 2403 1974 7435 2717 2873 9832
36 4582 9480 2795 2831 8276 7716 2040 7887 7068 3397 439 8830 4719 9354 3702 5266 3167 2063 4379 5464 4918 6246 7339 431 4665 2176 749 3859 557 9124 9637 2132 263 8578 4607 649
29 5610 9600 7396 2662 1268 1382 3907 3209 6979 5707 3830 9548 4380 400 6086 9486 3153 2274 4893 3531 1477 7296 4646 5560 439 4351 8583 2310 5578
28 9525 9189 6991 4707 1059 4959 2742 4983 5008 1374 9347 6346 7565 4112 9858 5188 6343 8406 3842 9372 5853 2190 3880 8230 2301 5638 5953 7692
33 6488 261 8697 5687 1914 1749 2274 9787 6122 2647 7445 7679 5934 4886 328 1471 8578 7167 7521 8835 5154 1598 348 8527 3853 9779 5748 1256 2164 4694 5304 5050 8924
30 2228 50 9598 6544 6122 3397 1653 9938 595 6970 5564 5872 4833 8280 8725 2706 7942 6282 5189 2570 2005 7242 7116 9936 4042 2569 6692 6681 2890 4096
31 2320 6244 6526 4548 9092 1566 1398 1841 4142 4304 1244 7032 8998 5655 4514 3889 3989 1728 7155 4651 2353 3710 9617 1763 7379 9308 6540 9420 9659 3285 7484
31 6613 3917 6176 2927 5057 7029 801 2326 8649 5870 1313 8978 8387 5749 5239 2202 9606 9700 5953 4023 9119 3618 8632 6286 1965 681 2895 6496 2169 9290 39
34 9882 5802 6956 4676 4159 8371 8476 1647 4008 2752 8354 7285 3612 2505 3077 263 3416 8718 1139 2269 2373 1433 7562 7446 7618 881 8037 7187 168 156 1025 9939 2822 1780
29 6187 6714 8001 5760 5336 4725 8905 2389 1311 1306 1010 9045 2852 2210 119 738 2239 3346 5397 9696 3564 3043 6735 2687 7923 8732 5773 2525 642
28 6505 632 9814 1425 7545 419 2253 7119 3755 2382 3161 5107 3279 85 2239 9675 9579 9999 6016 842 9995 1107 7413 1801 6496 1754 8893 1945
32 5364 8842 2164 6514 282 4724 5731 7336 1919 3830 957 5464 1949 7752 9435 1009 5263 3724 4952 840 3185 4122 442 5490 2439 7245 707 2036 8565 5714 6709 5038
32 7791 3948 4789 8071 3848 2339 638 7303 2346 7567 8309 3509 309 1603 775 4649 3079 1911 8990 1154 4466 5673 4907 6324 7108 577 468 9985 4487 9001 5467 4988
31 2514 6893 1569 3582 5712 3097 4469 2214 1441 628 5850 6734 2048 115 9644 2626 565 1699 425 5673 9570 1904 7859 1582 1171 9787 612 8411 492 3026 5441
30 2930 2149 9256 2563 5786 4 4332 1091 2596 9788 3637 8152 3610 9577 9772 385 8871 3249 3920 6655 6947 1332 3061 9985 7759 2574 2906 850 8065 8349
27 9082 7515 7458 9198 1283 8241 494 7302 6525 9654 3193 3979 2265 8416 7337 2601 249 2400 9852 1370 3095 941 712 3510 7234 1866 1667
25 753 2595 2367 263 2331 9161 9809 3620 2160 8550 369 5480 5281 2584 2875 8404 5974 7599 8686 167 9746 9472 3032 2499 2335
27 4211 9493 6704 1549 5101 224 9025 3063 5344 1120 4800 6883 5718 2911 812 819 5630 8866 1023 4394 1430 5659 2296 9058 1249 3655 6292
27 1104 8562 825 3790 4395 3250 8062 2316 491 7200 4249 2435 8140 6795 6266 9282 2325 7243 3233 3306 7462 2385 5394 2047 5243 5105 4565
24 662 3845 1205 2228 1721 9920 338 3548 2666 9552 1009 852 3026 9116 2100 7817 9758 3401 4636 2145 5759 7199 5871 987
33 5538 5393 3935 4695 1403 9705 7226 3320 1005 2448 8176 7862 1108 9901 7516 7734 7660 5524 3021 9009 8771 1200 954 3685 6266 7069 8149 3954 6544 6747 51 4365 3917
30 1612 7980 423 4198 6959 2967 1421 7310 4927 948 9074 3548 5618 339 9154 6677 9776 2633 488 8054 3981 995 3351 9851 6130 6456 4632 8358 9562 6254
25 3076 5304 199 5104 6880 7000 8998 2092 8540 9078 2996 7892 3443 4257 4318 4364 4369 3256 4095 6024 7873 1659 6764 9498 9975
29 2422 3395 9452 7780 2951 3042 9542 3649 4973 7693 1233 2083 855 8091 244 7308 3870 1832 932 1213 9386 4404 2854 7599 3626 4164 3157 6935 1724
28 3662 233 7465 117 5233 8150 1822 7313 4259 2145 445 7002 4776 8572 7501 6071 5448 1620 4784 1478 1149 6193 5395 3953 4695 5054 1907 6394
32 7026 5130 7707 9601 1531 9043 4946 3850 3015 9818 9048 8503 9739 2098 2267 2028 2905 2831 8394 7467 5036 8693 6211 4129 6622 8201 1498 2167 8435 1432 2208 5191
35 3454 9984 2889 1562 5979 1233 9645 1451 7008 3367 8122 7369 2418 5248 5568 2283 1625 4955 7346 2658 9136 2789 3463 2086 8411 7630 4539 7688 4481 988 6055 7549 6481 4848 7217
27 6995 9678 4439 983 8442 6764 4075 3512 5191 711 7476 4171 5576 8246 6763 4671 4123 7420 4424 863 6362 9049 9683 3730 8503 3747 5029
35 9369 7346 2391 1083 1369 753 6373 3813 9705 3839 7976 758 9457 7662 5587 2650 259 418 7083 9904 1798 1414 1479 4222 6630 2990 5031 3607 9530 8172 729 1871 9646 6209 7459
32 6209 2408 3309 7867 7751 4512 1703 348 5918 8808 8894 5008 9513 7086 8666 7716 4283 3149 416 5357 9690 6750 9277 7278 8259 5322 3248 9146 2924 3191 1619 9017
27 2502 9346 5636 8560 5020 7306 3991 6214 5996 5844 3880 9643 3282 6203 4706 5353 6118 3179 4586 2938 2303 3666 7773 2872 4272 3001 863
32 719 5063 2201 494 9666 9293 2876 3690 9464 8417 1762 7755 7355 5440 4733 3645 5142 9947 4704 8351 2716 2892 2512 9949 7922 7102 4969 9185 2888 1685 5485 2649
30 6443 4999 5410 2854 1585 5586 9373 240 6084 7047 9706 6829 1921 1865 7115 3344 7111 7110 1807 9449 2164 6930 5308 3039 3145 500 8286 726 8564 9989
33 5681 6890 4194 3376 2052 5839 7863 8482 8936 8922 8108 4158 8750 6534 8028 2329 6715 8441 9723 9217 8653 797 70 2641 772 7901 3378 1839 8743 2534 3064 9745 7689
31 4485 4322 287 7367 2861 9693 9406 9829 9403 445 4773 7830 8752 1371 5672 4905 3948 9223 7860 3919 9008 2523 7122 4411 4740 1363 7225 3277 2940 3839 1579
30 7407 1221 8260 4995 9624 1393 5374 1700 1500 4861 1656 5389 336 6531 4023 4092 8773 9098 26 8858 80 2635 8019 2317 977 240 4240 9031 8042 7209
28 8424 5193 5889 2938 6377 9987 6383 1085 8778 5347 6230 8044 5138 9279 7413 4190 6294 7517 6218 3841 198 1848 9361 2000 1098 526 8141 3294
28 8154 5116 7179 8635 7255 4606 1789 225 3149 3134 96 5351 7546 762 7479 6619 4560 3506 2180 1361 4631 794 1339 4524 9506 1733 4787 2205
31 2256 2705 2143 3634 6152 6328 9448 695 2414 2761 3381 3711 2976 630 6904 2465 776 6920 7330 7389 6145 5319 534 7822 8337 7756 4129 8559 2560 2778 1252
31 4219 3676 1152 5497 100 6804 2180 2227 4531 8826 2600 8872 9112 7566 2643 6644 1431 7099 6359 7414 72 3735 3668 3520 4050 4755 871 2683 8669 5385 1882
27 7183 3649 3811 2511 1047 9467 1914 5063 8884 5670 4342 1327 7940 3559 7801 8368 1339 9472 7005 1064 1021 5803 9074 1916 8539 850 8659
27 2288 6830 2278 7394 2840 2514 1795 3919 967 1217 8254 2376 8584 2296 426 6614 1508 5590 5871 6465 9774 5652 3872 9556 9160 1306 860
28 1196 138 9356 7465 2533 1630 2854 6544 3322 9535 2135 3471 4731 8782 921 1625 9551 403 9093 7390 1507 7389 3782 8823 2353 9749 3061 4835
28 9449 9552 44 4254 2681 813 8252 5161 2510 1780 2732 4487 7135 7939 2974 5343 4662 6510 210 7298 2984 965 1844 7775 2996 1665 8663 6201
31 1356 5939 4562 6921 9075 4259 8140 8600 6085 9143 4957 827 7349 1056 360 8802 3979 8321 9379 6739 7324 9342 9607 9783 7890 7677 9449 5205 6368 8892 2896
30 5109 6520 5218 3370 4277 9231 9030 6610 6332 9819 5425 4426 1016 402 5006 7110 9432 5334 2735 8519 5967 289 6833 7937 9170 404 1351 1079 6924 7108
30 9560 5101 6891 6540 1671 2956 9510 2661 6171 1761 8108 1805 2945 6710 8680 7865 5467 7299 9676 6901 2412 6541 4724 8632 3102 515 4966 2603 7108 2763
29 3760 200 638 3418 607 3179 2826 7273 9484 7033 4779 9094 786 2712 8920 81 6046 2126 9612 9418 5508 979 5499 999 8765 219 4155 9267 8939
26 4730 7727 1167 712 1615 652 8390 583 7544 9684 6600 5699 2990 1146 2308 7133 7730 7646 1137 5377 4285 6102 7693 6256 220 2196
30 3171 9893 3791 9810 6516 4740 4501 897 5281 3045 2611 2673 8069 2102 4492 8137 9200 4850 8507 8202 2084 1083 6247 7347 7958 1227 3443 6361 266 726
29 6787 2952 1362 9985 2750 9607 8489 3750 9197 2398 966 9894 8955 3498 4728 9776 563 4821 6439 748 5641 3402 4577 1668 3889 7614 5977 6676 9282
28 445 9293 3128 8612 5601 159 7454 1553 7721 6616 636 9061 1872 6086 4186 1859 1081 1061 97 5368 9247 1089 7810 1015 2256 9601 774 7871
34 8671 7841 2307 5499 9328 2400 8360 7195 9425 4165 62 3154 3163 7191 3779 8689 1361 5959 3857 707 4727 1998 1423 6369 9965 2970 8531 2526 7559 8497 6090 8112 9880 7040
26 945 5069 2323 7653 1582 8332 8572 6946 6482 2170 5755 5858 6538 1324 4285 1888 5760 5316 6620 6519 7492 8315 8429 5032 7978 6560
29 7464 8258 7437 644 682 2142 8378 9437 7872 8644 3301 6605 9842 523 3348 5803 2959 4110 1933 4115 989 8575 4870 9397 4178 8735 2180 5691 4550
30 6407 6165 980 359 4760 8760 9284 7832 7835 9287 3930 3972 4120 9290 6804 6166 3315 9831 6070 3801 6187 7492 7081 4761 5013 767 7287 4043 3537 960
26 3708 8739 4807 6186 3418 567 6256 1260 4693 6006 1086 4187 9943 3381 7363 8761 7768 3957 10000 9403 8636 859 22 6123 3316 5605
27 5082 5225 8469 9959 6758 9658 1712 1144 7538 3660 4120 1044 9923 3459 793 8445 5444 9708 1343 2444 5575 5213 5865 5085 8335 8002 1702
30 2501 5132 5320 6142 3126 1072 1160 4133 3142 2975 967 3004 8923 6761 2973 9393 7809 3944 5664 6379 3832 6507 5077 7179 5366 5373 4034 186 7103 7463
31 9485 9553 674 5900 9680 9570 7547 1381 9558 5547 637 766 1053 5233 2378 8592 4879 8849 7360 983 8660 4975 7238 3373 5314 9910 6948 3543 9744 9879 7347
28 9915 2756 3033 6893 1876 2937 9406 812 8391 8610 3439 7076 2692 550 8922 2317 7799 9337 2116 7606 8872 4022 4662 3058 8725 4647 4953 1803
26 4382 5835 1344 9379 4756 4573 5140 6722 5591 1038 899 9249 9144 1732 1668 8876 863 3108 7062 306 1162 2654 5363 7152 120 1357
31 4836 8506 7688 5149 4812 3005 1631 7275 3040 4351 2224 7258 7818 4408 7151 4439 3131 420 760 375 4266 3006 356 4545 1878 5254 9628 6999 9237 681 2977
30 8025 3841 9630 6812 2004 1353 8313 1023 6755 8707 6988 9811 293 9911 7090 1130 3616 9381 4889 6559 6669 477 4029 5428 2781 5787 4794 3118 8392 5610
31 5701 8434 7588 5860 7125 9725 575 131 2249 3602 1441 8443 8672 9131 1569 4489 4657 7120 6345 9512 3772 6010 5555 2106 755 5663 7190 1514 1374 1387 24
29 8759 4071 9847 8330 265 5128 4930 3055 1107 9304 7233 4287 2879 8955 7790 9817 8701 6707 7380 9783 5207 204 6834 3303 3497 2899 58 6134 9721
10000 100
13 7881 9421 426 9321 1795 7538 2446 1921 4575 2862 1536 4229 5614
14 846 6672 8631 2524 8326 6017 5318 3944 1328 3210 534 9453 5507 3800
18 254 3100 446 4042 6156 5669 8487 4126 898 3421 1662 9045 5019 9199 6364 4869 5706 7980
10 1051 4516 1020 6103 101 5801 3620 3671 215 7466
18 2321 1025 2453 8651 7032 7069 4305 9260 7425 8357 9621 8962 9676 7021 9384 4703 6646 6986
22 4454 5466 3463 6736 4720 6259 2105 5347 148 1891 541 6861 1320 3886 4357 2284 3843 3273 4621 4435 5561 8455
16 7327 6247 2755 4247 9845 8515 1039 4724 1585 6743 2701 4179 6697 831 7025 162
14 1836 5581 835 6621 1783 209 8461 5186 6121 7420 2271 4195 4508 2283
18 6276 2388 7346 2281 4798 9857 6191 1911 6045 1640 9943 2955 3484 4892 9446 8451 1563 6476
17 5608 9727 7740 1752 8837 7674 4574 5467 4893 9244 1746 4385 6108 5364 4051 9099 1974
12 2299 5503 6693 3334 2972 1086 456 6943 530 2328 1902 6079
8 1441 5123 8049 8196 9165 7157 506 4556
14 2220 6718 6220 3210 5571 2070 61 7683 1092 414 6793 8893 2752 3916
14 9267 6351 2067 8317 9006 4899 8489 2707 3119 9774 6646 1016 2867 3302
11 8327 5554 5270 2951 7578 1335 445 9765 4995 2614 9646
13 68 9300 1912 8465 9957 8890 9119 1395 2111 8438 212 7842 6073
14 5228 1357 3211 5610 3456 4467 7750 8863 9615 6588 1540 2298 5062 1722
12 926 5489 428 7261 3572 341 2802 3943 1945 7504 5203 7317
21 342 7882 4287 7911 5545 4726 8304 2395 6362 5400 5110 9721 1756 3954 4473 4310 5188 9832 4684 2706 1149
17 3604 209 4663 2626 3556 1079 1835 4029 5861 737 489 8021 4560 6996 6838 1495 6986
13 157 3589 7177 5965 7234 5287 3073 6859 4385 3325 8596 1439 562
17 4323 1143 7205 8291 8855 1355 8191 5883 8540 4398 2833 2100 1769 3549 8354 2753 9290
15 9165 3304 8684 2836 8002 5275 1817 6754 9630 6488 8481 7598 5131 4644 1903
11 9004 50 2034 5224 617 1824 2112 8994 9342 9214 1643
16 5148 360 8689 9392 3374 7079 5498 1615 3439 6143 8737 9062 7746 1872 8439 2580
15 4324 4705 4573 509 2038 981 9984 1652 1336 3271 821 8623 6559 8093 4210
12 1796 5911 2728 1964 6433 6442 4822 7901 9581 6195 3067 7327
15 3352 8475 4483 8983 1904 8309 727 5520 6490 6859 7769 115 6332 3039 2939
16 5050 5089 3113 825 7142 2189 1120 1278 1409 9350 3758 4646 9252 4976 456 1752
17 8562 1623 5689 2165 1903 1040 7533 8876 9955 6591 1749 9399 1922 1848 651 6982 1362
13 9355 940 3521 746 5608 3946 8321 2224 1133 926 9404 8935 4564
11 7415 832 9882 2208 6515 9889 6637 5623 188 8282 8908
10 1762 4223 9564 5792 7276 7770 2485 6555 448 7388
21 3265 4237 1410 1224 5693 9817 8337 127 328 9358 2010 1975 2598 9118 1121 5065 1474 440 4775 4503 398
10 6733 1424 5101 4691 1459 4586 1784 8178 9484 9290
15 7051 4114 2056 3504 7126 1867 4381 1234 6857 3450 9222 3211 6428 1334 2757
25 3505 6427 2545 6562 2345 750 8639 271 9668 4240 7951 8498 2391 6573 1569 8536 808 9026 3882 7964 4535 8330 34 3063 8681
9 1919 9754 6004 8559 1249 5522 5751 3311 8510
17 2725 1144 3182 7089 9205 3758 4059 4073 480 6053 4022 902 9862 3868 8312 5544 9848
14 6938 5150 5996 3360 5563 3044 4533 7944 8105 5845 9424 2753 3294 7135
3 5940 9197 5169
19 299 2893 5798 2430 7044 3504 5299 816 9133 6371 5137 2830 9500 1856 2381 8371 142 1277 5161
15 6410 397 4064 1060 2008 1662 9357 8804 7802 5906 8041 8468 6188 3379 9469
18 1161 4908 4858 9385 3612 3786 5976 1143 8037 5455 1116 2413 9280 7681 1846 8849 69 8196
14 4456 4094 5812 4782 5164 9000 6543 6742 9039 2923 9405 248 8074 6627
13 2775 3905 63 1112 3869 1941 7625 722 8327 1797 2284 9080 1841
18 6822 5639 296 5866 7378 4532 4 6346 8805 609 6073 2327 2837 4846 5110 7573 4011 2778
11 6860 235 593 368 571 8145 1187 2530 980 9322 583
11 4675 2568 7035 238 5887 4924 1771 3468 8282 3641 6537
10 4534 4388 3752 6550 2841 9222 8750 1375 7845 9165
5 1266 8403 1737 2255 6127
17 7462 2821 2825 6262 3113 8741 1477 3981 7631 9406 1450 2922 1522 367 6854 5265 573
11 2882 7864 4451 8327 4128 8494 7499 6046 9133 9601 6965
13 8289 9045 8091 8124 3712 9102 532 6869 5483 1088 2990 3763 1000
16 5078 288 2411 8391 1478 4177 2051 9228 887 4685 1235 3038 2941 5714 1533 9785
14 5994 2665 4741 8073 6848 7284 944 7052 9633 9870 9134 8988 7719 886
17 7463 4816 8510 4625 3520 8628 422 2362 1240 7937 2723 5695 9067 2388 1666 5131 7083
16 3668 1210 9817 408 6429 6653 1310 2704 9427 4592 3476 5809 7584 5944 3902 4812
10 2222 6951 3137 2657 8233 8141 3873 4660 552 1675
16 5212 1106 9859 7206 8140 1734 3067 3765 9616 9325 8375 6842 9309 6156 6785 5850
20 2808 2420 1373 6738 7289 974 337 4358 7360 3285 4503 5487 7867 4046 6076 1193 3256 2933 1321 1079
15 242 3853 8923 3987 2836 5953 5883 5218 5649 3089 4615 1320 7920 7146 3073
13 7321 5261 4310 7442 8625 9108 3158 5090 1001 6015 9603 6041 8537
9 8196 7015 8204 142 5918 222 4913 8787 8883
18 3633 5520 1585 6969 9542 4461 4808 5506 8003 171 1529 204 6615 9553 5539 31 1770 7746
15 3731 4174 3137 3979 3204 6396 4286 5290 7412 3149 4008 5296 3657 7168 8301
15 8873 4598 760 4614 6332 3114 824 8555 6827 3902 2982 2364 7250 6551 5068
17 3127 5931 7792 559 5868 9516 2829 4141 8568 1462 7348 5316 9630 5975 5083 7061 7352
14 8222 7184 6778 8532 7480 7361 4180 4261 2484 2306 5851 2654 1561 2302
17 4267 75 5866 3156 6048 7975 1679 2831 7883 9679 9278 8297 1774 872 1618 620 6147
17 1739 362 9499 3571 1091 7016 612 9196 769 6621 9415 2455 2210 2981 767 3888 7107
16 8008 4475 7375 9181 9868 5106 6427 3771 6350 4530 9358 9218 6708 2393 321 6386
16 8506 1167 76 1063 8777 9233 2695 2341 9108 6604 5520 7192 457 1580 6220 1230
15 5725 8912 7686 1141 2218 4802 7642 5669 1457 7162 5465 9546 278 4095 9728
18 2772 533 1022 1875 4207 5649 3997 7613 8405 7680 4543 7351 4462 7201 5089 2301 3735 283
10 922 1843 523 2405 9994 6097 714 5482 5295 5603
15 2186 5775 65 2712 3277 9863 4798 6003 872 4815 8733 9285 2022 549 5981
16 4578 4856 4848 4031 8069 8620 7792 2759 2498 3295 7538 1565 7901 8550 29 601
16 3406 3882 3776 5518 9325 3230 8425 3679 9705 4874 4003 8620 8075 7309 7839 2671
17 9166 1008 4137 554 6993 2367 5401 7938 406 795 924 9293 1825 3469 5494 419 2701
14 6357 1806 3225 7316 975 5658 9546 9939 3968 6797 1166 1658 4960 9136
12 492 5353 2338 1310 3026 6814 6672 6633 1361 8273 1669 7688
18 1030 7334 2080 3706 9503 9245 2706 6827 5256 5951 3938 1618 1208 2126 3103 6038 3635 876
19 6915 4632 9811 6430 3945 212 6191 682 9161 719 6241 1320 1588 9117 5590 3965 3913 6747 8245
22 6944 2820 5405 6236 7693 1794 4926 6967 1658 5559 8255 15 4955 8725 1755 4406 8646 6569 7474 4656 9648 1864
8 9584 872 2375 2450 8738 4586 7838 8806
15 6951 8620 463 8494 1818 5245 7458 2251 7123 1032 8054 2600 7179 2718 77
14 2712 9236 3074 3163 9490 7377 3044 8745 29 5477 9263 3096 6394 1148
7 5974 3033 3578 6133 9021 5156 7108
19 1757 1499 8352 110 1118 976 7416 6240 9236 8789 1963 5966 7593 9575 106 2494 6228 8105 9928
16 6283 5462 1256 3390 8217 9960 4084 2299 4768 8792 4907 6417 8852 2066 7728 4130
20 51 709 9448 4898 5342 7037 111 8603 8358 6193 1024 5196 3077 2856 4695 5088 9061 727 9505 1253
13 692 3690 5950 8943 4501 671 3084 7225 3481 6230 3583 4608 8306
14 3423 1470 3216 3196 8764 8053 6702 7564 4107 634 4096 8293 5872 9659
16 7398 7535 7143 7843 8132 7102 243 3929 1442 4917 7438 161 6813 6646 3937 7766
18 1801 4666 3004 7025 4780 168 8410 375 9617 9936 1922 5994 7964 1281 7881 5341 3707 2309
23 7609 8628 7068 733 8148 3027 2093 6807 186 8067 7175 4611 3762 7286 387 3217 3706 7394 8393 3777 3086 1915 3736
14 3579 3898 6549 6031 1974 8645 2803 397 2433 4442 5419 3503 7352 4743
12 4675 2091 4219 2031 159 3296 4489 6014 6256 8310 7984 5363
17 4585 7978 9686 1261 2648 6956 7051 2902 6985 5204 8791 3154 6777 8148 3422 3060 3066
